+inf +3.748836e-01 +3.774138e-01 +3.800333e-01 +3.800447e-01 +3.808147e-01 +3.804733e-01 +3.808879e-01 +3.800403e-01 +3.802332e-01 +3.800477e-01 +3.799259e-01 +3.799562e-01 +3.797801e-01 +3.800732e-01 +3.801589e-01 +3.799481e-01 +3.799057e-01 +3.798722e-01 +3.797553e-01 +3.795846e-01 +3.797684e-01 +3.798974e-01 +3.797208e-01 +3.797002e-01 +3.797766e-01 +3.798134e-01 +3.796886e-01 +3.798527e-01 +3.796334e-01 +3.795352e-01 +3.795753e-01 +3.795145e-01 +3.794135e-01 +3.794152e-01 +3.794182e-01 +3.792711e-01 +3.793096e-01 +3.792480e-01 +3.793224e-01 
+inf +5.052847e-01 +4.987045e-01 +4.963684e-01 +4.955533e-01 +4.949830e-01 +4.958023e-01 +4.964070e-01 +4.965958e-01 +4.964502e-01 +4.963136e-01 +4.963098e-01 +4.967923e-01 +4.963236e-01 +4.964542e-01 +4.958000e-01 +4.961483e-01 +4.961069e-01 +4.962107e-01 +4.960399e-01 +4.959276e-01 +4.962555e-01 +4.962418e-01 +4.960006e-01 +4.959001e-01 +4.956311e-01 +4.953367e-01 +4.952977e-01 +4.949131e-01 +4.952803e-01 +4.954798e-01 +4.953582e-01 +4.953378e-01 +4.952484e-01 +4.952994e-01 +4.952997e-01 +4.951477e-01 +4.951635e-01 +4.949993e-01 +4.947631e-01 
+inf +6.185013e-01 +6.077615e-01 +6.087378e-01 +6.052650e-01 +6.024239e-01 +6.041871e-01 +6.038265e-01 +6.032677e-01 +6.021677e-01 +6.019485e-01 +6.010371e-01 +6.004929e-01 +6.009636e-01 +6.010735e-01 +6.008951e-01 +6.010890e-01 +6.010189e-01 +6.005388e-01 +6.008761e-01 +6.010452e-01 +6.011832e-01 +6.015240e-01 +6.013125e-01 +6.019005e-01 +6.017005e-01 +6.016542e-01 +6.018994e-01 +6.020701e-01 +6.027623e-01 +6.026994e-01 +6.027724e-01 +6.030883e-01 +6.029419e-01 +6.029282e-01 +6.028970e-01 +6.030136e-01 +6.026568e-01 +6.025898e-01 +6.023980e-01 
+inf +7.131537e-01 +7.088204e-01 +7.056015e-01 +7.063485e-01 +7.067044e-01 +7.079044e-01 +7.065204e-01 +7.074702e-01 +7.087016e-01 +7.095359e-01 +7.083954e-01 +7.081279e-01 +7.089542e-01 +7.079845e-01 +7.080913e-01 +7.077985e-01 +7.070972e-01 +7.077007e-01 +7.073024e-01 +7.074392e-01 +7.067991e-01 +7.074319e-01 +7.069283e-01 +7.070997e-01 +7.069732e-01 +7.074906e-01 +7.069529e-01 +7.067082e-01 +7.069383e-01 +7.068755e-01 +7.061461e-01 +7.063430e-01 +7.066916e-01 +7.065299e-01 +7.063646e-01 +7.063113e-01 +7.062935e-01 +7.065370e-01 +7.065118e-01 
+inf +8.014416e-01 +8.113042e-01 +8.103123e-01 +8.068609e-01 +8.075827e-01 +8.072948e-01 +8.069141e-01 +8.067083e-01 +8.051525e-01 +8.040360e-01 +8.046299e-01 +8.051469e-01 +8.057370e-01 +8.056122e-01 +8.059153e-01 +8.060606e-01 +8.065612e-01 +8.075718e-01 +8.073776e-01 +8.067740e-01 +8.073552e-01 +8.069715e-01 +8.063410e-01 +8.069492e-01 +8.065804e-01 +8.061374e-01 +8.069941e-01 +8.073032e-01 +8.071630e-01 +8.067983e-01 +8.061651e-01 +8.061526e-01 +8.058932e-01 +8.057145e-01 +8.055625e-01 +8.056498e-01 +8.054775e-01 +8.057046e-01 +8.058157e-01 
+inf +9.569299e-01 +9.348962e-01 +9.205970e-01 +9.157026e-01 +9.139473e-01 +9.132909e-01 +9.075174e-01 +9.098582e-01 +9.108931e-01 +9.090763e-01 +9.105675e-01 +9.095179e-01 +9.081792e-01 +9.089677e-01 +9.090565e-01 +9.093814e-01 +9.088922e-01 +9.093433e-01 +9.095894e-01 +9.096297e-01 +9.102847e-01 +9.109918e-01 +9.098876e-01 +9.098705e-01 +9.084026e-01 +9.077171e-01 +9.066307e-01 +9.059033e-01 +9.060753e-01 +9.064665e-01 +9.069123e-01 +9.071419e-01 +9.076426e-01 +9.075479e-01 +9.077420e-01 +9.078669e-01 +9.077626e-01 +9.079200e-01 +9.075483e-01 
+inf +1.017869e+00 +9.963947e-01 +1.000682e+00 +9.911716e-01 +9.938371e-01 +9.961803e-01 +1.000281e+00 +9.988986e-01 +9.980800e-01 +1.000412e+00 +1.003987e+00 +1.001435e+00 +1.001235e+00 +1.002937e+00 +1.005265e+00 +1.005676e+00 +1.004057e+00 +1.005355e+00 +1.005676e+00 +1.005654e+00 +1.004855e+00 +1.004474e+00 +1.005165e+00 +1.005541e+00 +1.005715e+00 +1.005173e+00 +1.006549e+00 +1.007403e+00 +1.007024e+00 +1.007079e+00 +1.007067e+00 +1.007338e+00 +1.007317e+00 +1.007578e+00 +1.007370e+00 +1.007012e+00 +1.007456e+00 +1.007230e+00 +1.007440e+00 
+inf +1.092353e+00 +1.102352e+00 +1.102204e+00 +1.104769e+00 +1.108735e+00 +1.103888e+00 +1.101642e+00 +1.099476e+00 +1.097664e+00 +1.100237e+00 +1.101193e+00 +1.101196e+00 +1.104414e+00 +1.104810e+00 +1.102028e+00 +1.103092e+00 +1.102700e+00 +1.103513e+00 +1.105965e+00 +1.105903e+00 +1.105289e+00 +1.107006e+00 +1.108062e+00 +1.107921e+00 +1.106351e+00 +1.106774e+00 +1.106862e+00 +1.106118e+00 +1.106427e+00 +1.107404e+00 +1.107272e+00 +1.106967e+00 +1.106981e+00 +1.106623e+00 +1.106953e+00 +1.107115e+00 +1.107477e+00 +1.107090e+00 +1.106064e+00 
+inf +1.198434e+00 +1.218983e+00 +1.237952e+00 +1.233117e+00 +1.232448e+00 +1.221354e+00 +1.219838e+00 +1.221492e+00 +1.216327e+00 +1.215776e+00 +1.216158e+00 +1.215333e+00 +1.213856e+00 +1.213479e+00 +1.212146e+00 +1.213150e+00 +1.215406e+00 +1.213293e+00 +1.211711e+00 +1.213543e+00 +1.216094e+00 +1.215273e+00 +1.214742e+00 +1.215364e+00 +1.213211e+00 +1.213284e+00 +1.215005e+00 +1.215246e+00 +1.215203e+00 +1.214984e+00 +1.214499e+00 +1.213690e+00 +1.214457e+00 +1.213692e+00 +1.213959e+00 +1.213515e+00 +1.212604e+00 +1.211947e+00 +1.211217e+00 
+inf +1.357730e+00 +1.339852e+00 +1.324568e+00 +1.317433e+00 +1.317271e+00 +1.325788e+00 +1.324240e+00 +1.319655e+00 +1.322569e+00 +1.322828e+00 +1.317481e+00 +1.312637e+00 +1.313640e+00 +1.309048e+00 +1.310045e+00 +1.310940e+00 +1.309334e+00 +1.309063e+00 +1.308903e+00 +1.307816e+00 +1.308908e+00 +1.310288e+00 +1.310117e+00 +1.310668e+00 +1.311294e+00 +1.309911e+00 +1.308712e+00 +1.309982e+00 +1.308699e+00 +1.307372e+00 +1.307553e+00 +1.307175e+00 +1.306607e+00 +1.306384e+00 +1.307066e+00 +1.305457e+00 +1.306029e+00 +1.306531e+00 +1.305994e+00 
+inf +1.463528e+00 +1.412651e+00 +1.409996e+00 +1.404937e+00 +1.404482e+00 +1.415434e+00 +1.416549e+00 +1.415445e+00 +1.414402e+00 +1.415057e+00 +1.415445e+00 +1.420446e+00 +1.416318e+00 +1.415024e+00 +1.415323e+00 +1.416933e+00 +1.413602e+00 +1.410943e+00 +1.410166e+00 +1.409580e+00 +1.411635e+00 +1.413442e+00 +1.414168e+00 +1.411332e+00 +1.411487e+00 +1.413739e+00 +1.410871e+00 +1.410775e+00 +1.409180e+00 +1.409891e+00 +1.408241e+00 +1.408591e+00 +1.407875e+00 +1.406997e+00 +1.406570e+00 +1.407197e+00 +1.408061e+00 +1.408431e+00 +1.407850e+00 
+inf +1.496151e+00 +1.521361e+00 +1.530879e+00 +1.523993e+00 +1.516977e+00 +1.509151e+00 +1.502216e+00 +1.496979e+00 +1.497335e+00 +1.502103e+00 +1.501144e+00 +1.504278e+00 +1.503927e+00 +1.502940e+00 +1.503377e+00 +1.504836e+00 +1.507309e+00 +1.510984e+00 +1.512343e+00 +1.512982e+00 +1.512022e+00 +1.511947e+00 +1.512721e+00 +1.514298e+00 +1.511068e+00 +1.513179e+00 +1.513726e+00 +1.510919e+00 +1.511639e+00 +1.512819e+00 +1.513246e+00 +1.511852e+00 +1.511645e+00 +1.511115e+00 +1.511656e+00 +1.511249e+00 +1.510874e+00 +1.510250e+00 +1.510198e+00 
+inf +1.682575e+00 +1.634100e+00 +1.628262e+00 +1.629114e+00 +1.608644e+00 +1.612398e+00 +1.615629e+00 +1.614145e+00 +1.617904e+00 +1.619405e+00 +1.625052e+00 +1.626592e+00 +1.622796e+00 +1.621318e+00 +1.615929e+00 +1.616009e+00 +1.614957e+00 +1.611848e+00 +1.610826e+00 +1.611134e+00 +1.608645e+00 +1.606836e+00 +1.605860e+00 +1.603207e+00 +1.605319e+00 +1.604548e+00 +1.604063e+00 +1.603120e+00 +1.603911e+00 +1.603151e+00 +1.602627e+00 +1.603471e+00 +1.603591e+00 +1.604529e+00 +1.604562e+00 +1.605492e+00 +1.604370e+00 +1.604140e+00 +1.604211e+00 
+inf +1.689506e+00 +1.726089e+00 +1.705195e+00 +1.701889e+00 +1.696672e+00 +1.691097e+00 +1.693507e+00 +1.702879e+00 +1.695252e+00 +1.694431e+00 +1.693372e+00 +1.690157e+00 +1.694459e+00 +1.693211e+00 +1.699728e+00 +1.703545e+00 +1.700566e+00 +1.697061e+00 +1.695437e+00 +1.697671e+00 +1.695745e+00 +1.698418e+00 +1.697986e+00 +1.700075e+00 +1.703061e+00 +1.703822e+00 +1.704349e+00 +1.704664e+00 +1.703462e+00 +1.704743e+00 +1.706793e+00 +1.705689e+00 +1.707972e+00 +1.707395e+00 +1.707023e+00 +1.708263e+00 +1.708893e+00 +1.706145e+00 +1.705354e+00 
+inf +1.893251e+00 +1.873116e+00 +1.831826e+00 +1.831032e+00 +1.828105e+00 +1.828885e+00 +1.831580e+00 +1.836237e+00 +1.837570e+00 +1.836017e+00 +1.833386e+00 +1.830532e+00 +1.824170e+00 +1.819559e+00 +1.821499e+00 +1.816666e+00 +1.815802e+00 +1.814706e+00 +1.815308e+00 +1.812219e+00 +1.813228e+00 +1.811413e+00 +1.811321e+00 +1.808603e+00 +1.806209e+00 +1.808457e+00 +1.811688e+00 +1.812443e+00 +1.810337e+00 +1.811029e+00 +1.809418e+00 +1.807452e+00 +1.808005e+00 +1.806779e+00 +1.807287e+00 +1.807797e+00 +1.805759e+00 +1.805911e+00 +1.805403e+00 
+inf +2.048143e+00 +1.972784e+00 +1.960774e+00 +1.956919e+00 +1.955139e+00 +1.954502e+00 +1.950589e+00 +1.947661e+00 +1.935282e+00 +1.933034e+00 +1.926990e+00 +1.922430e+00 +1.919625e+00 +1.923115e+00 +1.921434e+00 +1.920267e+00 +1.917285e+00 +1.913655e+00 +1.913522e+00 +1.911963e+00 +1.915128e+00 +1.918686e+00 +1.918007e+00 +1.916600e+00 +1.913138e+00 +1.914923e+00 +1.915995e+00 +1.915790e+00 +1.917331e+00 +1.919638e+00 +1.919372e+00 +1.915651e+00 +1.911492e+00 +1.911241e+00 +1.912543e+00 +1.912038e+00 +1.911585e+00 +1.909792e+00 +1.908921e+00 
+inf +1.975254e+00 +1.953698e+00 +1.958164e+00 +1.981794e+00 +1.992915e+00 +1.991520e+00 +1.983945e+00 +1.982332e+00 +1.974185e+00 +1.985199e+00 +1.982562e+00 +1.989906e+00 +1.990305e+00 +1.984642e+00 +1.980516e+00 +1.983054e+00 +1.982996e+00 +1.983655e+00 +1.984944e+00 +1.987228e+00 +1.987547e+00 +1.986387e+00 +1.985822e+00 +1.987435e+00 +1.987050e+00 +1.987272e+00 +1.989937e+00 +1.987824e+00 +1.986935e+00 +1.986849e+00 +1.989115e+00 +1.988709e+00 +1.989920e+00 +1.991844e+00 +1.993072e+00 +1.992743e+00 +1.994408e+00 +1.994649e+00 +1.991848e+00 
+inf +2.090758e+00 +2.086741e+00 +2.097485e+00 +2.131886e+00 +2.136615e+00 +2.142996e+00 +2.123100e+00 +2.125226e+00 +2.124636e+00 +2.131981e+00 +2.126803e+00 +2.131643e+00 +2.134999e+00 +2.130742e+00 +2.130232e+00 +2.132011e+00 +2.131939e+00 +2.133538e+00 +2.135237e+00 +2.130627e+00 +2.127050e+00 +2.126832e+00 +2.124496e+00 +2.118251e+00 +2.118921e+00 +2.112536e+00 +2.112019e+00 +2.110758e+00 +2.112327e+00 +2.114159e+00 +2.116260e+00 +2.115906e+00 +2.115177e+00 +2.115961e+00 +2.116469e+00 +2.118032e+00 +2.115345e+00 +2.115586e+00 +2.116174e+00 
+inf +2.218301e+00 +2.174055e+00 +2.199597e+00 +2.184152e+00 +2.203308e+00 +2.210149e+00 +2.196129e+00 +2.202509e+00 +2.204070e+00 +2.198303e+00 +2.209685e+00 +2.203913e+00 +2.197785e+00 +2.208814e+00 +2.203636e+00 +2.198464e+00 +2.197872e+00 +2.199708e+00 +2.200741e+00 +2.202582e+00 +2.203397e+00 +2.204349e+00 +2.204104e+00 +2.204550e+00 +2.206112e+00 +2.208724e+00 +2.205423e+00 +2.209854e+00 +2.209388e+00 +2.209403e+00 +2.210564e+00 +2.210345e+00 +2.209102e+00 +2.208966e+00 +2.210169e+00 +2.210104e+00 +2.210184e+00 +2.211830e+00 +2.213803e+00 
+inf +2.449385e+00 +2.365910e+00 +2.325440e+00 +2.309553e+00 +2.306201e+00 +2.299780e+00 +2.288701e+00 +2.283053e+00 +2.300350e+00 +2.302978e+00 +2.310044e+00 +2.309086e+00 +2.305554e+00 +2.309268e+00 +2.309269e+00 +2.311186e+00 +2.310425e+00 +2.310940e+00 +2.312472e+00 +2.316612e+00 +2.319496e+00 +2.320461e+00 +2.323374e+00 +2.325633e+00 +2.325707e+00 +2.323529e+00 +2.322177e+00 +2.324906e+00 +2.324783e+00 +2.322845e+00 +2.317476e+00 +2.316606e+00 +2.314907e+00 +2.311946e+00 +2.311073e+00 +2.309017e+00 +2.308089e+00 +2.309288e+00 +2.309305e+00 
+inf +2.379364e+00 +2.415163e+00 +2.419646e+00 +2.419901e+00 +2.403974e+00 +2.395756e+00 +2.405512e+00 +2.394001e+00 +2.396820e+00 +2.402710e+00 +2.394412e+00 +2.397141e+00 +2.401024e+00 +2.402280e+00 +2.402581e+00 +2.400881e+00 +2.397413e+00 +2.404128e+00 +2.405536e+00 +2.407537e+00 +2.409198e+00 +2.411133e+00 +2.410192e+00 +2.405896e+00 +2.405639e+00 +2.403399e+00 +2.402503e+00 +2.407239e+00 +2.404391e+00 +2.405582e+00 +2.409969e+00 +2.410574e+00 +2.411171e+00 +2.407013e+00 +2.409507e+00 +2.408800e+00 +2.410386e+00 +2.410874e+00 +2.408456e+00 
+inf +2.544551e+00 +2.590119e+00 +2.521594e+00 +2.483785e+00 +2.492502e+00 +2.498942e+00 +2.513519e+00 +2.516227e+00 +2.512408e+00 +2.497160e+00 +2.504223e+00 +2.513003e+00 +2.510505e+00 +2.521285e+00 +2.512044e+00 +2.504196e+00 +2.505072e+00 +2.504406e+00 +2.503687e+00 +2.499846e+00 +2.506116e+00 +2.500682e+00 +2.494419e+00 +2.493069e+00 +2.496163e+00 +2.498849e+00 +2.501904e+00 +2.498303e+00 +2.499977e+00 +2.500439e+00 +2.502310e+00 +2.500785e+00 +2.505166e+00 +2.504265e+00 +2.505022e+00 +2.505884e+00 +2.503543e+00 +2.503851e+00 +2.504900e+00 
+inf +2.636893e+00 +2.613273e+00 +2.627940e+00 +2.621337e+00 +2.643613e+00 +2.641166e+00 +2.607527e+00 +2.611305e+00 +2.615472e+00 +2.621150e+00 +2.622685e+00 +2.616798e+00 +2.617621e+00 +2.623717e+00 +2.624738e+00 +2.621398e+00 +2.616984e+00 +2.612504e+00 +2.600492e+00 +2.601614e+00 +2.602193e+00 +2.602124e+00 +2.604494e+00 +2.608783e+00 +2.609890e+00 +2.613146e+00 +2.613536e+00 +2.614353e+00 +2.610885e+00 +2.611770e+00 +2.610975e+00 +2.611553e+00 +2.613664e+00 +2.612994e+00 +2.611998e+00 +2.611590e+00 +2.612228e+00 +2.610049e+00 +2.610518e+00 
+inf +2.862242e+00 +2.784617e+00 +2.741975e+00 +2.758837e+00 +2.745645e+00 +2.738806e+00 +2.722135e+00 +2.725406e+00 +2.716082e+00 +2.707476e+00 +2.711542e+00 +2.708634e+00 +2.717698e+00 +2.718956e+00 +2.728957e+00 +2.738077e+00 +2.740090e+00 +2.731368e+00 +2.728331e+00 +2.721945e+00 +2.721756e+00 +2.719344e+00 +2.720043e+00 +2.721968e+00 +2.723215e+00 +2.721991e+00 +2.716737e+00 +2.714898e+00 +2.715979e+00 +2.716342e+00 +2.716427e+00 +2.716677e+00 +2.715063e+00 +2.710869e+00 +2.704834e+00 +2.704672e+00 +2.704995e+00 +2.705665e+00 +2.706166e+00 
+inf +2.970113e+00 +2.884722e+00 +2.880453e+00 +2.857845e+00 +2.833807e+00 +2.824303e+00 +2.831681e+00 +2.816407e+00 +2.823129e+00 +2.822543e+00 +2.819073e+00 +2.816644e+00 +2.819938e+00 +2.820957e+00 +2.812257e+00 +2.815167e+00 +2.813069e+00 +2.814226e+00 +2.804258e+00 +2.808538e+00 +2.819199e+00 +2.819983e+00 +2.814608e+00 +2.816516e+00 +2.816106e+00 +2.820492e+00 +2.819113e+00 +2.820027e+00 +2.823700e+00 +2.820717e+00 +2.815656e+00 +2.814092e+00 +2.812630e+00 +2.810084e+00 +2.808912e+00 +2.808881e+00 +2.808754e+00 +2.806124e+00 +2.805290e+00 
+inf +3.057040e+00 +3.004344e+00 +3.023752e+00 +2.997099e+00 +2.965880e+00 +2.978823e+00 +2.952321e+00 +2.949272e+00 +2.932335e+00 +2.920376e+00 +2.914131e+00 +2.912177e+00 +2.915058e+00 +2.912600e+00 +2.917038e+00 +2.927023e+00 +2.925914e+00 +2.928534e+00 +2.925033e+00 +2.931252e+00 +2.928425e+00 +2.931344e+00 +2.929580e+00 +2.927884e+00 +2.921952e+00 +2.923369e+00 +2.922555e+00 +2.922373e+00 +2.922859e+00 +2.925084e+00 +2.924616e+00 +2.920395e+00 +2.915665e+00 +2.918585e+00 +2.917115e+00 +2.916414e+00 +2.916178e+00 +2.915610e+00 +2.914249e+00 
+inf +3.099736e+00 +3.103545e+00 +3.055449e+00 +3.044592e+00 +3.043201e+00 +3.049866e+00 +3.028896e+00 +3.025214e+00 +3.008336e+00 +3.007120e+00 +3.002253e+00 +2.991779e+00 +3.005213e+00 +2.995679e+00 +2.996686e+00 +2.998150e+00 +2.992107e+00 +2.985597e+00 +2.983686e+00 +2.981944e+00 +2.984278e+00 +2.985422e+00 +2.988658e+00 +2.991231e+00 +2.994331e+00 +2.994671e+00 +2.995707e+00 +2.993547e+00 +2.996330e+00 +2.999514e+00 +3.003106e+00 +2.994229e+00 +2.995773e+00 +2.996094e+00 +2.998118e+00 +3.002148e+00 +3.003829e+00 +2.998313e+00 +3.000055e+00 
+inf +3.342084e+00 +3.191145e+00 +3.197877e+00 +3.174421e+00 +3.153805e+00 +3.142955e+00 +3.133142e+00 +3.140372e+00 +3.118333e+00 +3.127098e+00 +3.121289e+00 +3.123042e+00 +3.110320e+00 +3.114170e+00 +3.107595e+00 +3.104623e+00 +3.106448e+00 +3.107030e+00 +3.106305e+00 +3.102319e+00 +3.103456e+00 +3.091532e+00 +3.086989e+00 +3.088688e+00 +3.090687e+00 +3.097373e+00 +3.098765e+00 +3.104551e+00 +3.098563e+00 +3.097240e+00 +3.095836e+00 +3.096605e+00 +3.096470e+00 +3.096580e+00 +3.095701e+00 +3.093014e+00 +3.093817e+00 +3.092127e+00 +3.095140e+00 
+inf +3.261387e+00 +3.327008e+00 +3.322690e+00 +3.287070e+00 +3.266379e+00 +3.237531e+00 +3.238975e+00 +3.216705e+00 +3.206525e+00 +3.209156e+00 +3.215535e+00 +3.209905e+00 +3.210028e+00 +3.215789e+00 +3.227975e+00 +3.236149e+00 +3.231551e+00 +3.235498e+00 +3.240510e+00 +3.240113e+00 +3.242830e+00 +3.242205e+00 +3.237073e+00 +3.244103e+00 +3.244585e+00 +3.239367e+00 +3.238799e+00 +3.242545e+00 +3.240875e+00 +3.236085e+00 +3.231899e+00 +3.238200e+00 +3.234541e+00 +3.230393e+00 +3.220710e+00 +3.219645e+00 +3.219286e+00 +3.221714e+00 +3.219842e+00 
+inf +3.601313e+00 +3.414905e+00 +3.383083e+00 +3.338263e+00 +3.332332e+00 +3.347413e+00 +3.344962e+00 +3.341306e+00 +3.343415e+00 +3.351526e+00 +3.360919e+00 +3.358430e+00 +3.351002e+00 +3.355086e+00 +3.351282e+00 +3.353268e+00 +3.349213e+00 +3.353889e+00 +3.356082e+00 +3.346066e+00 +3.344403e+00 +3.329540e+00 +3.328587e+00 +3.334867e+00 +3.337237e+00 +3.343055e+00 +3.343069e+00 +3.343945e+00 +3.348004e+00 +3.347863e+00 +3.345029e+00 +3.346980e+00 +3.349580e+00 +3.349093e+00 +3.346299e+00 +3.343074e+00 +3.334535e+00 +3.334721e+00 +3.332851e+00 
+inf +3.399437e+00 +3.349859e+00 +3.388335e+00 +3.363754e+00 +3.337429e+00 +3.353839e+00 +3.363272e+00 +3.357011e+00 +3.381361e+00 +3.380649e+00 +3.400224e+00 +3.392783e+00 +3.384774e+00 +3.385440e+00 +3.398787e+00 +3.406731e+00 +3.404925e+00 +3.405090e+00 +3.391905e+00 +3.391437e+00 +3.391940e+00 +3.392671e+00 +3.385261e+00 +3.384161e+00 +3.389145e+00 +3.383329e+00 +3.385734e+00 +3.385937e+00 +3.383854e+00 +3.383820e+00 +3.387510e+00 +3.382078e+00 +3.384423e+00 +3.385607e+00 +3.388170e+00 +3.386442e+00 +3.388552e+00 +3.386295e+00 +3.382295e+00 
+inf +3.654264e+00 +3.684981e+00 +3.719550e+00 +3.615803e+00 +3.570031e+00 +3.547397e+00 +3.516918e+00 +3.518838e+00 +3.512434e+00 +3.513940e+00 +3.510954e+00 +3.510415e+00 +3.507286e+00 +3.503760e+00 +3.501568e+00 +3.504371e+00 +3.504873e+00 +3.503773e+00 +3.501063e+00 +3.500191e+00 +3.495533e+00 +3.494425e+00 +3.491012e+00 +3.491955e+00 +3.488727e+00 +3.494560e+00 +3.489292e+00 +3.488035e+00 +3.489992e+00 +3.487501e+00 +3.486512e+00 +3.490424e+00 +3.488079e+00 +3.490662e+00 +3.492921e+00 +3.492879e+00 +3.489532e+00 +3.486867e+00 +3.485576e+00 
+inf +3.764589e+00 +3.630151e+00 +3.566103e+00 +3.563629e+00 +3.554751e+00 +3.578702e+00 +3.584289e+00 +3.579671e+00 +3.562763e+00 +3.572484e+00 +3.598894e+00 +3.599184e+00 +3.582678e+00 +3.577862e+00 +3.589228e+00 +3.583533e+00 +3.569261e+00 +3.576418e+00 +3.585102e+00 +3.597225e+00 +3.606636e+00 +3.605297e+00 +3.603485e+00 +3.601430e+00 +3.606366e+00 +3.609055e+00 +3.617503e+00 +3.615612e+00 +3.612106e+00 +3.608233e+00 +3.610603e+00 +3.617832e+00 +3.615328e+00 +3.612876e+00 +3.611042e+00 +3.610332e+00 +3.612585e+00 +3.609319e+00 +3.611952e+00 
+inf +4.088320e+00 +3.940983e+00 +3.893743e+00 +3.818228e+00 +3.756042e+00 +3.784219e+00 +3.777902e+00 +3.766832e+00 +3.746336e+00 +3.769035e+00 +3.753480e+00 +3.745621e+00 +3.733543e+00 +3.723995e+00 +3.739145e+00 +3.734443e+00 +3.724275e+00 +3.728712e+00 +3.724881e+00 +3.730628e+00 +3.726960e+00 +3.725787e+00 +3.719615e+00 +3.723095e+00 +3.725356e+00 +3.728285e+00 +3.729221e+00 +3.726814e+00 +3.723876e+00 +3.723317e+00 +3.719987e+00 +3.719378e+00 +3.721279e+00 +3.728762e+00 +3.733287e+00 +3.734884e+00 +3.740461e+00 +3.739785e+00 +3.732630e+00 
+inf +4.048217e+00 +3.992766e+00 +3.896471e+00 +3.848830e+00 +3.836796e+00 +3.821879e+00 +3.792878e+00 +3.805541e+00 +3.820276e+00 +3.827870e+00 +3.805704e+00 +3.809961e+00 +3.814579e+00 +3.814059e+00 +3.803308e+00 +3.792968e+00 +3.802662e+00 +3.799039e+00 +3.791307e+00 +3.780990e+00 +3.785488e+00 +3.786218e+00 +3.786302e+00 +3.785944e+00 +3.789282e+00 +3.790043e+00 +3.789816e+00 +3.789399e+00 +3.791397e+00 +3.790523e+00 +3.786257e+00 +3.785027e+00 +3.787890e+00 +3.788758e+00 +3.792549e+00 +3.793446e+00 +3.793252e+00 +3.795119e+00 +3.794010e+00 
+inf +4.031846e+00 +3.973561e+00 +3.899563e+00 +3.939942e+00 +3.915029e+00 +3.931721e+00 +3.959389e+00 +3.951102e+00 +3.938929e+00 +3.910829e+00 +3.906137e+00 +3.927521e+00 +3.921663e+00 +3.913102e+00 +3.905590e+00 +3.894111e+00 +3.906701e+00 +3.904464e+00 +3.901483e+00 +3.903226e+00 +3.905314e+00 +3.887860e+00 +3.896170e+00 +3.890186e+00 +3.895382e+00 +3.898857e+00 +3.896835e+00 +3.907761e+00 +3.910889e+00 +3.913572e+00 +3.916028e+00 +3.913298e+00 +3.911937e+00 +3.915041e+00 +3.920143e+00 +3.919871e+00 +3.921020e+00 +3.918027e+00 +3.913894e+00 
+inf +3.880674e+00 +3.883038e+00 +3.928744e+00 +3.991174e+00 +3.975063e+00 +3.961330e+00 +3.979165e+00 +4.001800e+00 +3.983915e+00 +3.985992e+00 +3.988533e+00 +3.986968e+00 +3.973992e+00 +3.992021e+00 +3.994904e+00 +4.002461e+00 +3.984231e+00 +3.989881e+00 +3.990770e+00 +3.986614e+00 +3.988274e+00 +3.991902e+00 +3.992968e+00 +3.994087e+00 +3.993067e+00 +4.002840e+00 +3.999835e+00 +3.997208e+00 +3.993289e+00 +4.000436e+00 +3.998075e+00 +3.994721e+00 +3.993262e+00 +3.994490e+00 +3.996816e+00 +3.999371e+00 +3.993960e+00 +4.000116e+00 +3.997935e+00 
+inf +4.267236e+00 +4.169136e+00 +4.211278e+00 +4.153648e+00 +4.210705e+00 +4.215464e+00 +4.222091e+00 +4.194725e+00 +4.188266e+00 +4.174240e+00 +4.184496e+00 +4.171281e+00 +4.161718e+00 +4.160321e+00 +4.154294e+00 +4.148715e+00 +4.141732e+00 +4.137038e+00 +4.138004e+00 +4.133019e+00 +4.128504e+00 +4.133643e+00 +4.131027e+00 +4.121147e+00 +4.116686e+00 +4.114693e+00 +4.114683e+00 +4.124293e+00 +4.127544e+00 +4.127693e+00 +4.123630e+00 +4.120080e+00 +4.118908e+00 +4.118290e+00 +4.118996e+00 +4.115087e+00 +4.108226e+00 +4.102930e+00 +4.101580e+00 
+inf +4.189799e+00 +4.213286e+00 +4.303046e+00 +4.233095e+00 +4.137861e+00 +4.139179e+00 +4.139500e+00 +4.112448e+00 +4.128250e+00 +4.130062e+00 +4.137148e+00 +4.146360e+00 +4.153886e+00 +4.164574e+00 +4.175257e+00 +4.180291e+00 +4.180886e+00 +4.184555e+00 +4.182012e+00 +4.194419e+00 +4.196984e+00 +4.193349e+00 +4.194668e+00 +4.191620e+00 +4.195227e+00 +4.208116e+00 +4.212701e+00 +4.216955e+00 +4.220081e+00 +4.222538e+00 +4.214169e+00 +4.211910e+00 +4.207322e+00 +4.206509e+00 +4.195751e+00 +4.200767e+00 +4.205441e+00 +4.209864e+00 +4.204740e+00 
+inf +4.577940e+00 +4.447172e+00 +4.419377e+00 +4.351674e+00 +4.354650e+00 +4.328925e+00 +4.343723e+00 +4.321319e+00 +4.349934e+00 +4.356557e+00 +4.352829e+00 +4.362380e+00 +4.371333e+00 +4.382585e+00 +4.369898e+00 +4.353542e+00 +4.342812e+00 +4.334793e+00 +4.321749e+00 +4.318235e+00 +4.327893e+00 +4.323139e+00 +4.325371e+00 +4.324595e+00 +4.324742e+00 +4.321611e+00 +4.325439e+00 +4.326090e+00 +4.317640e+00 +4.307622e+00 +4.307783e+00 +4.315507e+00 +4.318396e+00 +4.316387e+00 +4.313237e+00 +4.313035e+00 +4.309085e+00 +4.311317e+00 +4.305998e+00 
+inf +4.847171e+00 +4.400240e+00 +4.385943e+00 +4.417227e+00 +4.353175e+00 +4.352256e+00 +4.381996e+00 +4.404948e+00 +4.384975e+00 +4.390420e+00 +4.386346e+00 +4.390627e+00 +4.394571e+00 +4.412100e+00 +4.405104e+00 +4.423091e+00 +4.408164e+00 +4.400722e+00 +4.400026e+00 +4.404179e+00 +4.394883e+00 +4.381614e+00 +4.387419e+00 +4.395443e+00 +4.395098e+00 +4.387838e+00 +4.391908e+00 +4.391803e+00 +4.387642e+00 +4.391379e+00 +4.397496e+00 +4.408162e+00 +4.403870e+00 +4.402486e+00 +4.398229e+00 +4.398048e+00 +4.394904e+00 +4.400229e+00 +4.391856e+00 
+inf +4.814935e+00 +4.455672e+00 +4.396015e+00 +4.459135e+00 +4.488914e+00 +4.500832e+00 +4.522602e+00 +4.540195e+00 +4.566584e+00 +4.567959e+00 +4.580134e+00 +4.557378e+00 +4.562536e+00 +4.543206e+00 +4.550766e+00 +4.576286e+00 +4.581435e+00 +4.575154e+00 +4.573262e+00 +4.584534e+00 +4.578635e+00 +4.569464e+00 +4.558335e+00 +4.553782e+00 +4.542570e+00 +4.540920e+00 +4.528918e+00 +4.528710e+00 +4.535754e+00 +4.530108e+00 +4.523641e+00 +4.530803e+00 +4.529661e+00 +4.533117e+00 +4.533321e+00 +4.526986e+00 +4.527846e+00 +4.527946e+00 +4.527628e+00 
+inf +4.971173e+00 +4.695193e+00 +4.637743e+00 +4.562949e+00 +4.531036e+00 +4.564521e+00 +4.562317e+00 +4.588155e+00 +4.570691e+00 +4.573350e+00 +4.538527e+00 +4.534996e+00 +4.546266e+00 +4.554829e+00 +4.573551e+00 +4.570132e+00 +4.564191e+00 +4.563819e+00 +4.550825e+00 +4.550397e+00 +4.556644e+00 +4.562859e+00 +4.565454e+00 +4.571743e+00 +4.580085e+00 +4.591811e+00 +4.591950e+00 +4.591312e+00 +4.590771e+00 +4.587169e+00 +4.588590e+00 +4.591889e+00 +4.593889e+00 +4.584705e+00 +4.585169e+00 +4.593983e+00 +4.594076e+00 +4.596189e+00 +4.591680e+00 
+inf +4.976840e+00 +4.750126e+00 +4.682468e+00 +4.676541e+00 +4.722615e+00 +4.752410e+00 +4.699018e+00 +4.684398e+00 +4.703477e+00 +4.715812e+00 +4.709732e+00 +4.713792e+00 +4.714918e+00 +4.705975e+00 +4.700139e+00 +4.715984e+00 +4.724817e+00 +4.719613e+00 +4.713723e+00 +4.721892e+00 +4.728048e+00 +4.724873e+00 +4.737558e+00 +4.740554e+00 +4.744707e+00 +4.741123e+00 +4.747597e+00 +4.751260e+00 +4.749098e+00 +4.743431e+00 +4.740755e+00 +4.736419e+00 +4.728151e+00 +4.724664e+00 +4.727713e+00 +4.735084e+00 +4.735938e+00 +4.728326e+00 +4.726405e+00 
+inf +4.975638e+00 +4.906186e+00 +4.897278e+00 +4.888656e+00 +4.884227e+00 +4.799723e+00 +4.796759e+00 +4.784634e+00 +4.769443e+00 +4.763330e+00 +4.752687e+00 +4.744764e+00 +4.763729e+00 +4.756138e+00 +4.760550e+00 +4.748812e+00 +4.745119e+00 +4.730602e+00 +4.734857e+00 +4.728683e+00 +4.738680e+00 +4.741255e+00 +4.740450e+00 +4.754032e+00 +4.745368e+00 +4.749443e+00 +4.750980e+00 +4.756810e+00 +4.771119e+00 +4.774728e+00 +4.774282e+00 +4.781518e+00 +4.788056e+00 +4.780539e+00 +4.772865e+00 +4.764106e+00 +4.763820e+00 +4.767648e+00 +4.764713e+00 
+inf +5.364156e+00 +5.234917e+00 +5.081627e+00 +5.035150e+00 +4.996622e+00 +5.060775e+00 +5.020540e+00 +4.984302e+00 +4.967256e+00 +4.942299e+00 +4.946797e+00 +4.937144e+00 +4.955260e+00 +4.949105e+00 +4.950723e+00 +4.960668e+00 +4.962223e+00 +4.977921e+00 +4.975220e+00 +4.975282e+00 +4.993871e+00 +4.988937e+00 +4.986312e+00 +4.966994e+00 +4.968664e+00 +4.969308e+00 +4.963243e+00 +4.970482e+00 +4.973294e+00 +4.976983e+00 +4.974051e+00 +4.975763e+00 +4.971896e+00 +4.964335e+00 +4.969728e+00 +4.975276e+00 +4.967309e+00 +4.970849e+00 +4.977058e+00 
+inf +5.681187e+00 +5.061299e+00 +5.096529e+00 +5.108439e+00 +5.073018e+00 +5.051601e+00 +5.079238e+00 +5.079944e+00 +5.065430e+00 +5.056923e+00 +5.089204e+00 +5.086574e+00 +5.070607e+00 +5.082618e+00 +5.076197e+00 +5.058647e+00 +5.061147e+00 +5.062478e+00 +5.067090e+00 +5.060113e+00 +5.056934e+00 +5.054902e+00 +5.063248e+00 +5.057122e+00 +5.056527e+00 +5.059339e+00 +5.065759e+00 +5.055544e+00 +5.050979e+00 +5.045993e+00 +5.051325e+00 +5.054544e+00 +5.057932e+00 +5.050206e+00 +5.044622e+00 +5.045481e+00 +5.041110e+00 +5.034984e+00 +5.040977e+00 
+inf +5.633112e+00 +5.512653e+00 +5.346649e+00 +5.347844e+00 +5.374756e+00 +5.294895e+00 +5.253664e+00 +5.251194e+00 +5.249003e+00 +5.246504e+00 +5.242148e+00 +5.223925e+00 +5.205114e+00 +5.205744e+00 +5.231528e+00 +5.209078e+00 +5.199226e+00 +5.198268e+00 +5.188695e+00 +5.196872e+00 +5.192540e+00 +5.187089e+00 +5.193557e+00 +5.193261e+00 +5.181700e+00 +5.183730e+00 +5.175444e+00 +5.154763e+00 +5.148618e+00 +5.146011e+00 +5.141091e+00 +5.136525e+00 +5.147959e+00 +5.149594e+00 +5.160346e+00 +5.157845e+00 +5.152060e+00 +5.156605e+00 +5.163734e+00 
+inf +5.548682e+00 +5.229717e+00 +5.141628e+00 +5.253915e+00 +5.196688e+00 +5.203693e+00 +5.159773e+00 +5.187068e+00 +5.181988e+00 +5.156012e+00 +5.178629e+00 +5.194406e+00 +5.198191e+00 +5.218942e+00 +5.204291e+00 +5.194993e+00 +5.204304e+00 +5.209644e+00 +5.194505e+00 +5.208642e+00 +5.208710e+00 +5.217298e+00 +5.244118e+00 +5.223956e+00 +5.213803e+00 +5.213310e+00 +5.217230e+00 +5.209994e+00 +5.210810e+00 +5.210723e+00 +5.207824e+00 +5.207917e+00 +5.203839e+00 +5.195259e+00 +5.193957e+00 +5.193196e+00 +5.186534e+00 +5.190358e+00 +5.175600e+00 
+inf +5.755999e+00 +5.445551e+00 +5.424341e+00 +5.528552e+00 +5.430243e+00 +5.444752e+00 +5.464326e+00 +5.434918e+00 +5.411564e+00 +5.402951e+00 +5.443431e+00 +5.428814e+00 +5.423526e+00 +5.395890e+00 +5.410610e+00 +5.426071e+00 +5.447571e+00 +5.446935e+00 +5.438909e+00 +5.448434e+00 +5.441206e+00 +5.449251e+00 +5.427821e+00 +5.423770e+00 +5.421127e+00 +5.410516e+00 +5.397075e+00 +5.375493e+00 +5.365175e+00 +5.354647e+00 +5.345789e+00 +5.345437e+00 +5.343522e+00 +5.340681e+00 +5.332954e+00 +5.339063e+00 +5.341102e+00 +5.341061e+00 +5.345141e+00 
+inf +5.886969e+00 +5.776698e+00 +5.713230e+00 +5.708660e+00 +5.648695e+00 +5.620675e+00 +5.575346e+00 +5.589488e+00 +5.557170e+00 +5.540189e+00 +5.543542e+00 +5.519497e+00 +5.483977e+00 +5.478848e+00 +5.465588e+00 +5.450762e+00 +5.459446e+00 +5.425304e+00 +5.414636e+00 +5.389868e+00 +5.412195e+00 +5.412205e+00 +5.422123e+00 +5.427727e+00 +5.435150e+00 +5.439999e+00 +5.460088e+00 +5.470584e+00 +5.462453e+00 +5.446017e+00 +5.437368e+00 +5.430633e+00 +5.441327e+00 +5.445165e+00 +5.448039e+00 +5.443780e+00 +5.441559e+00 +5.445273e+00 +5.439769e+00 
+inf +5.324962e+00 +5.108062e+00 +5.311352e+00 +5.392157e+00 +5.458311e+00 +5.445840e+00 +5.412310e+00 +5.452014e+00 +5.445537e+00 +5.431824e+00 +5.428672e+00 +5.418460e+00 +5.418102e+00 +5.421664e+00 +5.440388e+00 +5.456600e+00 +5.484640e+00 +5.468986e+00 +5.466909e+00 +5.470292e+00 +5.475271e+00 +5.470184e+00 +5.462662e+00 +5.477637e+00 +5.464222e+00 +5.470954e+00 +5.472710e+00 +5.478852e+00 +5.479004e+00 +5.483509e+00 +5.485284e+00 +5.491827e+00 +5.495134e+00 +5.494431e+00 +5.497427e+00 +5.497986e+00 +5.491056e+00 +5.493121e+00 +5.498709e+00 
+inf +5.972350e+00 +5.533821e+00 +5.543376e+00 +5.618439e+00 +5.660470e+00 +5.750496e+00 +5.720375e+00 +5.692770e+00 +5.675769e+00 +5.703377e+00 +5.662728e+00 +5.686484e+00 +5.660383e+00 +5.675531e+00 +5.683669e+00 +5.651174e+00 +5.665364e+00 +5.669392e+00 +5.676117e+00 +5.676876e+00 +5.670740e+00 +5.673609e+00 +5.666519e+00 +5.651038e+00 +5.652545e+00 +5.649652e+00 +5.647334e+00 +5.651644e+00 +5.659763e+00 +5.644298e+00 +5.649759e+00 +5.649135e+00 +5.659428e+00 +5.647649e+00 +5.647941e+00 +5.648313e+00 +5.638481e+00 +5.632758e+00 +5.641876e+00 
+inf +6.626890e+00 +6.028966e+00 +6.035213e+00 +5.884541e+00 +5.875877e+00 +5.785065e+00 +5.717098e+00 +5.742164e+00 +5.688739e+00 +5.699310e+00 +5.670011e+00 +5.705179e+00 +5.690930e+00 +5.704036e+00 +5.696853e+00 +5.692298e+00 +5.654635e+00 +5.684856e+00 +5.684186e+00 +5.695965e+00 +5.697818e+00 +5.705137e+00 +5.720065e+00 +5.711060e+00 +5.701184e+00 +5.692062e+00 +5.697376e+00 +5.699452e+00 +5.702038e+00 +5.683063e+00 +5.672813e+00 +5.669331e+00 +5.680235e+00 +5.688292e+00 +5.697583e+00 +5.708066e+00 +5.700992e+00 +5.699702e+00 +5.703740e+00 
+inf +6.091475e+00 +5.909135e+00 +5.870795e+00 +5.870661e+00 +5.889994e+00 +5.848691e+00 +5.842895e+00 +5.811354e+00 +5.803583e+00 +5.794249e+00 +5.774857e+00 +5.781730e+00 +5.769656e+00 +5.772746e+00 +5.815874e+00 +5.851875e+00 +5.867494e+00 +5.862565e+00 +5.845325e+00 +5.849133e+00 +5.852677e+00 +5.847935e+00 +5.829872e+00 +5.820264e+00 +5.836739e+00 +5.813415e+00 +5.804268e+00 +5.796599e+00 +5.800869e+00 +5.817270e+00 +5.809394e+00 +5.803377e+00 +5.801773e+00 +5.801067e+00 +5.801641e+00 +5.796818e+00 +5.789865e+00 +5.801005e+00 +5.811194e+00 
+inf +7.054232e+00 +6.586703e+00 +6.501462e+00 +6.350788e+00 +6.279340e+00 +6.173366e+00 +6.114282e+00 +6.066936e+00 +6.063869e+00 +6.063963e+00 +6.060609e+00 +6.079763e+00 +6.059240e+00 +6.069480e+00 +6.081204e+00 +6.064754e+00 +6.046608e+00 +6.051332e+00 +6.055540e+00 +6.067179e+00 +6.048253e+00 +6.036665e+00 +6.022214e+00 +6.008034e+00 +6.025131e+00 +6.015383e+00 +6.007065e+00 +5.998932e+00 +5.985356e+00 +5.984105e+00 +5.982483e+00 +5.980824e+00 +5.971260e+00 +5.969856e+00 +5.960623e+00 +5.965099e+00 +5.964954e+00 +5.955881e+00 +5.956959e+00 
+inf +6.548282e+00 +6.299133e+00 +6.218258e+00 +6.094642e+00 +6.031905e+00 +6.047918e+00 +6.065847e+00 +6.024839e+00 +5.995419e+00 +5.979640e+00 +5.923085e+00 +5.940341e+00 +5.952253e+00 +5.925293e+00 +5.905074e+00 +5.924919e+00 +5.937344e+00 +5.940061e+00 +5.927423e+00 +5.944536e+00 +5.936017e+00 +5.938037e+00 +5.951918e+00 +5.966678e+00 +5.951811e+00 +5.946064e+00 +5.967575e+00 +5.961922e+00 +5.948421e+00 +5.932881e+00 +5.926947e+00 +5.935506e+00 +5.935319e+00 +5.937571e+00 +5.948986e+00 +5.950697e+00 +5.953444e+00 +5.956441e+00 +5.956511e+00 
+inf +6.323018e+00 +6.187791e+00 +6.280623e+00 +6.226727e+00 +6.062971e+00 +6.074708e+00 +6.088020e+00 +6.116735e+00 +6.091921e+00 +6.087307e+00 +6.090705e+00 +6.130096e+00 +6.137678e+00 +6.124494e+00 +6.121071e+00 +6.136909e+00 +6.131231e+00 +6.159095e+00 +6.150028e+00 +6.119421e+00 +6.120026e+00 +6.145149e+00 +6.122308e+00 +6.111330e+00 +6.122358e+00 +6.118775e+00 +6.118176e+00 +6.127528e+00 +6.132697e+00 +6.127325e+00 +6.133365e+00 +6.139461e+00 +6.139650e+00 +6.140761e+00 +6.143042e+00 +6.149018e+00 +6.144908e+00 +6.138629e+00 +6.146779e+00 
+inf +6.210077e+00 +6.284573e+00 +6.104861e+00 +6.208987e+00 +6.172066e+00 +6.229635e+00 +6.227124e+00 +6.207883e+00 +6.210074e+00 +6.154585e+00 +6.158075e+00 +6.156110e+00 +6.194046e+00 +6.177188e+00 +6.185250e+00 +6.221199e+00 +6.225340e+00 +6.203428e+00 +6.222969e+00 +6.204813e+00 +6.205763e+00 +6.201678e+00 +6.222290e+00 +6.196092e+00 +6.207852e+00 +6.205479e+00 +6.204720e+00 +6.199589e+00 +6.206146e+00 +6.198669e+00 +6.197347e+00 +6.193784e+00 +6.188697e+00 +6.178001e+00 +6.169762e+00 +6.174628e+00 +6.176447e+00 +6.170574e+00 +6.184919e+00 
+inf +6.561707e+00 +6.274159e+00 +6.293879e+00 +6.248684e+00 +6.330583e+00 +6.346086e+00 +6.331201e+00 +6.339225e+00 +6.336670e+00 +6.340607e+00 +6.323335e+00 +6.339156e+00 +6.323852e+00 +6.301767e+00 +6.293881e+00 +6.282039e+00 +6.285029e+00 +6.287077e+00 +6.316075e+00 +6.315648e+00 +6.317690e+00 +6.323160e+00 +6.337714e+00 +6.351875e+00 +6.353495e+00 +6.334784e+00 +6.335012e+00 +6.339218e+00 +6.330911e+00 +6.333638e+00 +6.323631e+00 +6.323726e+00 +6.315795e+00 +6.320953e+00 +6.315527e+00 +6.302784e+00 +6.299890e+00 +6.299314e+00 +6.304827e+00 
+inf +6.412115e+00 +6.494418e+00 +6.726533e+00 +6.537175e+00 +6.463614e+00 +6.454226e+00 +6.471745e+00 +6.473895e+00 +6.507037e+00 +6.505546e+00 +6.501265e+00 +6.555426e+00 +6.522857e+00 +6.562926e+00 +6.558177e+00 +6.545049e+00 +6.566909e+00 +6.539028e+00 +6.525083e+00 +6.524705e+00 +6.501168e+00 +6.491469e+00 +6.494845e+00 +6.491409e+00 +6.471030e+00 +6.492755e+00 +6.489306e+00 +6.480875e+00 +6.479902e+00 +6.490482e+00 +6.498833e+00 +6.490669e+00 +6.508139e+00 +6.496002e+00 +6.483563e+00 +6.482857e+00 +6.494102e+00 +6.503577e+00 +6.488778e+00 
+inf +7.302229e+00 +6.829753e+00 +6.783906e+00 +6.871019e+00 +6.811742e+00 +6.757815e+00 +6.732038e+00 +6.676375e+00 +6.631522e+00 +6.591376e+00 +6.615614e+00 +6.623716e+00 +6.600745e+00 +6.597074e+00 +6.579285e+00 +6.610191e+00 +6.583089e+00 +6.597161e+00 +6.606430e+00 +6.595623e+00 +6.588949e+00 +6.587401e+00 +6.594372e+00 +6.589944e+00 +6.597843e+00 +6.578177e+00 +6.580092e+00 +6.587037e+00 +6.573439e+00 +6.570136e+00 +6.570739e+00 +6.568682e+00 +6.550009e+00 +6.529039e+00 +6.521353e+00 +6.525240e+00 +6.527495e+00 +6.527197e+00 +6.525742e+00 
+inf +7.302334e+00 +6.994907e+00 +6.798186e+00 +6.772227e+00 +6.729469e+00 +6.751554e+00 +6.722899e+00 +6.763757e+00 +6.758200e+00 +6.752380e+00 +6.754956e+00 +6.768465e+00 +6.757817e+00 +6.775004e+00 +6.735016e+00 +6.713874e+00 +6.722011e+00 +6.726904e+00 +6.727648e+00 +6.718191e+00 +6.705733e+00 +6.685889e+00 +6.674650e+00 +6.650564e+00 +6.634278e+00 +6.618653e+00 +6.632892e+00 +6.637760e+00 +6.635633e+00 +6.660764e+00 +6.662912e+00 +6.679578e+00 +6.676159e+00 +6.677663e+00 +6.692566e+00 +6.696287e+00 +6.688070e+00 +6.700907e+00 +6.703777e+00 
+inf +7.129598e+00 +6.728181e+00 +6.710503e+00 +6.662192e+00 +6.674293e+00 +6.738537e+00 +6.792855e+00 +6.719496e+00 +6.730708e+00 +6.725495e+00 +6.739743e+00 +6.765335e+00 +6.754646e+00 +6.776437e+00 +6.779569e+00 +6.796577e+00 +6.816683e+00 +6.796052e+00 +6.800333e+00 +6.782725e+00 +6.787663e+00 +6.784590e+00 +6.781757e+00 +6.795140e+00 +6.784076e+00 +6.776799e+00 +6.774013e+00 +6.755860e+00 +6.755742e+00 +6.754649e+00 +6.754245e+00 +6.745514e+00 +6.757496e+00 +6.758267e+00 +6.765798e+00 +6.761693e+00 +6.756882e+00 +6.754502e+00 +6.741927e+00 
+inf +7.338788e+00 +7.127396e+00 +7.028818e+00 +7.016354e+00 +7.015933e+00 +7.055084e+00 +7.064703e+00 +7.078681e+00 +7.043422e+00 +6.949262e+00 +7.040914e+00 +6.984085e+00 +6.946540e+00 +6.941124e+00 +6.954459e+00 +6.914169e+00 +6.924432e+00 +6.928858e+00 +6.906065e+00 +6.919850e+00 +6.920307e+00 +6.910607e+00 +6.898011e+00 +6.901203e+00 +6.876850e+00 +6.871826e+00 +6.883423e+00 +6.872093e+00 +6.860630e+00 +6.863638e+00 +6.873172e+00 +6.867669e+00 +6.858131e+00 +6.859923e+00 +6.861855e+00 +6.849652e+00 +6.854251e+00 +6.847473e+00 +6.842184e+00 
+inf +7.264567e+00 +6.812499e+00 +6.878628e+00 +7.021197e+00 +6.947118e+00 +7.035366e+00 +6.971229e+00 +6.848901e+00 +6.829897e+00 +6.883213e+00 +6.909625e+00 +6.895777e+00 +6.927781e+00 +6.922884e+00 +6.920113e+00 +6.901095e+00 +6.889084e+00 +6.834544e+00 +6.802381e+00 +6.835432e+00 +6.829664e+00 +6.834111e+00 +6.831020e+00 +6.807042e+00 +6.813099e+00 +6.830131e+00 +6.828410e+00 +6.823334e+00 +6.825852e+00 +6.816557e+00 +6.786584e+00 +6.777128e+00 +6.788371e+00 +6.791829e+00 +6.802430e+00 +6.815484e+00 +6.807758e+00 +6.806900e+00 +6.810607e+00 
+inf +8.006670e+00 +7.735443e+00 +7.390925e+00 +7.239176e+00 +7.151446e+00 +7.046228e+00 +7.011597e+00 +7.047339e+00 +6.982738e+00 +6.963085e+00 +6.981454e+00 +6.995827e+00 +6.992309e+00 +7.003739e+00 +7.029445e+00 +7.033889e+00 +7.045144e+00 +7.055210e+00 +7.038361e+00 +6.996851e+00 +7.000094e+00 +7.003755e+00 +6.997207e+00 +6.982285e+00 +6.987713e+00 +6.981400e+00 +6.974998e+00 +6.990923e+00 +7.009121e+00 +7.026511e+00 +7.044868e+00 +7.028105e+00 +7.024063e+00 +7.037063e+00 +7.016640e+00 +7.023136e+00 +7.027594e+00 +7.033088e+00 +7.035069e+00 
+inf +8.318774e+00 +7.709018e+00 +7.481844e+00 +7.500364e+00 +7.430106e+00 +7.402498e+00 +7.441996e+00 +7.415180e+00 +7.454201e+00 +7.424906e+00 +7.418698e+00 +7.362540e+00 +7.351286e+00 +7.345520e+00 +7.365186e+00 +7.357558e+00 +7.318509e+00 +7.303531e+00 +7.344333e+00 +7.333703e+00 +7.325179e+00 +7.325956e+00 +7.301657e+00 +7.294803e+00 +7.296814e+00 +7.299692e+00 +7.282168e+00 +7.293749e+00 +7.277134e+00 +7.251003e+00 +7.229466e+00 +7.228246e+00 +7.238423e+00 +7.236474e+00 +7.242555e+00 +7.253262e+00 +7.241018e+00 +7.236432e+00 +7.231881e+00 
+inf +8.153385e+00 +7.525441e+00 +7.426471e+00 +7.382338e+00 +7.316446e+00 +7.238760e+00 +7.191849e+00 +7.145434e+00 +7.183451e+00 +7.211200e+00 +7.193805e+00 +7.236270e+00 +7.230082e+00 +7.269183e+00 +7.267630e+00 +7.260079e+00 +7.260034e+00 +7.289821e+00 +7.298015e+00 +7.310943e+00 +7.334198e+00 +7.323939e+00 +7.325895e+00 +7.351655e+00 +7.357902e+00 +7.343384e+00 +7.341318e+00 +7.351326e+00 +7.348057e+00 +7.341847e+00 +7.311571e+00 +7.299516e+00 +7.290891e+00 +7.282760e+00 +7.278034e+00 +7.281134e+00 +7.275352e+00 +7.277752e+00 +7.263625e+00 
+inf +7.955955e+00 +7.614898e+00 +7.427944e+00 +7.489289e+00 +7.489038e+00 +7.479244e+00 +7.437473e+00 +7.355677e+00 +7.380626e+00 +7.313844e+00 +7.344842e+00 +7.287929e+00 +7.244563e+00 +7.225640e+00 +7.220571e+00 +7.190507e+00 +7.182581e+00 +7.217860e+00 +7.207252e+00 +7.215330e+00 +7.238590e+00 +7.259586e+00 +7.260391e+00 +7.250270e+00 +7.260695e+00 +7.258346e+00 +7.242930e+00 +7.258583e+00 +7.262149e+00 +7.238423e+00 +7.241374e+00 +7.231398e+00 +7.233723e+00 +7.233124e+00 +7.231634e+00 +7.213310e+00 +7.215976e+00 +7.218923e+00 +7.207879e+00 
+inf +8.688971e+00 +7.897190e+00 +7.725053e+00 +7.828399e+00 +7.851053e+00 +7.704145e+00 +7.686414e+00 +7.715190e+00 +7.674005e+00 +7.658933e+00 +7.684203e+00 +7.662930e+00 +7.601409e+00 +7.585816e+00 +7.590512e+00 +7.575672e+00 +7.563711e+00 +7.522251e+00 +7.515818e+00 +7.490667e+00 +7.487966e+00 +7.478308e+00 +7.460805e+00 +7.443118e+00 +7.431134e+00 +7.404965e+00 +7.388217e+00 +7.417910e+00 +7.428144e+00 +7.428151e+00 +7.449887e+00 +7.443648e+00 +7.456777e+00 +7.475511e+00 +7.476919e+00 +7.478834e+00 +7.480220e+00 +7.489101e+00 +7.488301e+00 
+inf +8.057547e+00 +8.068223e+00 +7.709189e+00 +7.612788e+00 +7.479419e+00 +7.428552e+00 +7.492785e+00 +7.495943e+00 +7.497760e+00 +7.521720e+00 +7.488452e+00 +7.552189e+00 +7.524704e+00 +7.521412e+00 +7.508104e+00 +7.530165e+00 +7.526306e+00 +7.557406e+00 +7.561973e+00 +7.562932e+00 +7.575122e+00 +7.607651e+00 +7.578826e+00 +7.569463e+00 +7.554697e+00 +7.549692e+00 +7.553463e+00 +7.561517e+00 +7.554605e+00 +7.515594e+00 +7.493812e+00 +7.497935e+00 +7.505944e+00 +7.498464e+00 +7.483107e+00 +7.491022e+00 +7.484429e+00 +7.498960e+00 +7.489291e+00 
+inf +8.332073e+00 +8.038025e+00 +8.138757e+00 +8.058405e+00 +8.048792e+00 +7.985705e+00 +7.899693e+00 +7.924972e+00 +7.923831e+00 +7.890179e+00 +7.872082e+00 +7.875270e+00 +7.857261e+00 +7.816961e+00 +7.770421e+00 +7.778888e+00 +7.742275e+00 +7.745022e+00 +7.723855e+00 +7.726851e+00 +7.709460e+00 +7.703690e+00 +7.675903e+00 +7.667887e+00 +7.656869e+00 +7.640129e+00 +7.650072e+00 +7.654062e+00 +7.675973e+00 +7.676713e+00 +7.662970e+00 +7.655551e+00 +7.654214e+00 +7.655802e+00 +7.653324e+00 +7.679173e+00 +7.680943e+00 +7.678650e+00 +7.690156e+00 
+inf +7.907572e+00 +8.005990e+00 +7.963995e+00 +8.124075e+00 +7.977828e+00 +8.026631e+00 +8.068396e+00 +8.001561e+00 +7.929797e+00 +7.933445e+00 +7.994081e+00 +8.082024e+00 +8.046691e+00 +8.043034e+00 +8.016437e+00 +8.001293e+00 +7.997199e+00 +7.989585e+00 +8.010903e+00 +8.025689e+00 +8.011270e+00 +7.974064e+00 +7.990944e+00 +7.985649e+00 +7.957556e+00 +7.932312e+00 +7.928221e+00 +7.880467e+00 +7.873876e+00 +7.878926e+00 +7.881239e+00 +7.865078e+00 +7.865211e+00 +7.854482e+00 +7.842577e+00 +7.840789e+00 +7.850172e+00 +7.865546e+00 +7.867711e+00 
+inf +9.177448e+00 +8.200845e+00 +8.105888e+00 +8.026730e+00 +7.957087e+00 +7.910678e+00 +7.907313e+00 +7.888836e+00 +7.828594e+00 +7.868201e+00 +7.877368e+00 +7.878876e+00 +7.887833e+00 +7.850000e+00 +7.846716e+00 +7.881583e+00 +7.901868e+00 +7.850023e+00 +7.849833e+00 +7.862543e+00 +7.847678e+00 +7.792185e+00 +7.792083e+00 +7.778459e+00 +7.796066e+00 +7.813556e+00 +7.821369e+00 +7.792708e+00 +7.785452e+00 +7.790666e+00 +7.790809e+00 +7.795039e+00 +7.794062e+00 +7.793990e+00 +7.807493e+00 +7.796777e+00 +7.783853e+00 +7.779040e+00 +7.773888e+00 
+inf +8.711069e+00 +8.090035e+00 +8.043713e+00 +8.152892e+00 +8.107980e+00 +8.185393e+00 +8.094798e+00 +8.108984e+00 +8.078868e+00 +8.070908e+00 +7.986873e+00 +7.939405e+00 +7.945362e+00 +7.905727e+00 +7.904079e+00 +7.905544e+00 +7.914851e+00 +7.931675e+00 +7.933814e+00 +7.960298e+00 +7.940904e+00 +7.981990e+00 +7.986104e+00 +7.975835e+00 +7.954996e+00 +7.954950e+00 +7.952838e+00 +7.953857e+00 +7.959825e+00 +7.963253e+00 +7.964009e+00 +7.952999e+00 +7.945515e+00 +7.930546e+00 +7.930852e+00 +7.937324e+00 +7.924862e+00 +7.906983e+00 +7.896074e+00 
+inf +8.721895e+00 +8.705613e+00 +8.297673e+00 +8.327066e+00 +8.356844e+00 +8.365747e+00 +8.273938e+00 +8.281184e+00 +8.186297e+00 +8.172822e+00 +8.223646e+00 +8.167187e+00 +8.178898e+00 +8.193832e+00 +8.161981e+00 +8.183658e+00 +8.156031e+00 +8.143622e+00 +8.142478e+00 +8.181496e+00 +8.163615e+00 +8.174942e+00 +8.191831e+00 +8.157132e+00 +8.146802e+00 +8.115091e+00 +8.111914e+00 +8.100004e+00 +8.115957e+00 +8.105498e+00 +8.086491e+00 +8.065540e+00 +8.088820e+00 +8.107161e+00 +8.100683e+00 +8.115699e+00 +8.123221e+00 +8.111522e+00 +8.102131e+00 
+inf +8.241357e+00 +8.217167e+00 +8.434882e+00 +8.335746e+00 +8.322726e+00 +8.247584e+00 +8.142279e+00 +8.180897e+00 +8.164793e+00 +8.203366e+00 +8.191272e+00 +8.205041e+00 +8.181238e+00 +8.185901e+00 +8.207311e+00 +8.153771e+00 +8.108585e+00 +8.114331e+00 +8.122323e+00 +8.165905e+00 +8.165766e+00 +8.182312e+00 +8.173149e+00 +8.189888e+00 +8.172648e+00 +8.154634e+00 +8.141081e+00 +8.130587e+00 +8.093453e+00 +8.095831e+00 +8.119612e+00 +8.116991e+00 +8.131096e+00 +8.134467e+00 +8.124466e+00 +8.139470e+00 +8.111800e+00 +8.099376e+00 +8.093878e+00 
+inf +9.852773e+00 +8.608992e+00 +8.099816e+00 +8.086537e+00 +8.117128e+00 +8.187148e+00 +8.051463e+00 +7.980338e+00 +7.885469e+00 +7.832728e+00 +7.844328e+00 +7.888703e+00 +7.926789e+00 +7.925939e+00 +7.989550e+00 +7.987478e+00 +7.983667e+00 +7.994693e+00 +7.990524e+00 +8.004396e+00 +7.996391e+00 +7.997316e+00 +8.014064e+00 +7.985900e+00 +8.004689e+00 +7.973242e+00 +7.987157e+00 +7.998898e+00 +7.981778e+00 +8.006391e+00 +8.008196e+00 +8.007754e+00 +8.022540e+00 +8.017847e+00 +8.026213e+00 +8.027138e+00 +8.044887e+00 +8.035411e+00 +8.054697e+00 
+inf +9.567227e+00 +8.971522e+00 +8.794116e+00 +8.680254e+00 +8.588758e+00 +8.536625e+00 +8.479770e+00 +8.451141e+00 +8.410518e+00 +8.343921e+00 +8.329636e+00 +8.284978e+00 +8.320884e+00 +8.312061e+00 +8.295574e+00 +8.295268e+00 +8.269784e+00 +8.270658e+00 +8.262485e+00 +8.262886e+00 +8.314232e+00 +8.320397e+00 +8.328180e+00 +8.296471e+00 +8.228514e+00 +8.225763e+00 +8.235143e+00 +8.241905e+00 +8.247353e+00 +8.267977e+00 +8.283047e+00 +8.285757e+00 +8.282113e+00 +8.306668e+00 +8.310567e+00 +8.311181e+00 +8.315707e+00 +8.325364e+00 +8.322330e+00 
+inf +9.713631e+00 +9.222229e+00 +8.899614e+00 +8.733460e+00 +8.566497e+00 +8.519827e+00 +8.447557e+00 +8.554883e+00 +8.462384e+00 +8.420287e+00 +8.404828e+00 +8.390826e+00 +8.377315e+00 +8.388436e+00 +8.392426e+00 +8.389272e+00 +8.363589e+00 +8.352698e+00 +8.369322e+00 +8.369955e+00 +8.361131e+00 +8.342646e+00 +8.343070e+00 +8.338991e+00 +8.351366e+00 +8.347661e+00 +8.350757e+00 +8.357676e+00 +8.354722e+00 +8.331395e+00 +8.341167e+00 +8.336735e+00 +8.339449e+00 +8.325247e+00 +8.300242e+00 +8.309977e+00 +8.305433e+00 +8.286848e+00 +8.294948e+00 
+inf +1.002182e+01 +9.712369e+00 +9.222445e+00 +9.005127e+00 +8.933874e+00 +8.799525e+00 +8.692497e+00 +8.601058e+00 +8.636865e+00 +8.672099e+00 +8.683353e+00 +8.679475e+00 +8.738827e+00 +8.783658e+00 +8.789678e+00 +8.783618e+00 +8.771209e+00 +8.766967e+00 +8.803695e+00 +8.795803e+00 +8.756883e+00 +8.742723e+00 +8.721747e+00 +8.721975e+00 +8.750376e+00 +8.736660e+00 +8.771730e+00 +8.727754e+00 +8.700372e+00 +8.690783e+00 +8.688089e+00 +8.705520e+00 +8.685150e+00 +8.668349e+00 +8.665443e+00 +8.660589e+00 +8.636754e+00 +8.628625e+00 +8.612014e+00 
+inf +8.398561e+00 +8.745393e+00 +8.862505e+00 +8.747845e+00 +8.861932e+00 +8.806940e+00 +8.833154e+00 +8.724558e+00 +8.720061e+00 +8.706920e+00 +8.754669e+00 +8.694157e+00 +8.721789e+00 +8.730260e+00 +8.676033e+00 +8.662142e+00 +8.691052e+00 +8.719827e+00 +8.710251e+00 +8.707591e+00 +8.731530e+00 +8.731687e+00 +8.726803e+00 +8.733897e+00 +8.738621e+00 +8.721153e+00 +8.707315e+00 +8.701156e+00 +8.693858e+00 +8.676739e+00 +8.671845e+00 +8.689622e+00 +8.699750e+00 +8.705380e+00 +8.685694e+00 +8.673921e+00 +8.678153e+00 +8.676256e+00 +8.662468e+00 
+inf +1.066741e+01 +9.557633e+00 +9.465013e+00 +9.350220e+00 +9.152679e+00 +9.113042e+00 +9.099783e+00 +8.922344e+00 +8.944241e+00 +8.889734e+00 +8.911720e+00 +8.877941e+00 +8.835688e+00 +8.829821e+00 +8.847271e+00 +8.848424e+00 +8.818326e+00 +8.818013e+00 +8.797289e+00 +8.798587e+00 +8.798672e+00 +8.822332e+00 +8.833194e+00 +8.823540e+00 +8.840546e+00 +8.854231e+00 +8.849889e+00 +8.832277e+00 +8.834207e+00 +8.834378e+00 +8.852276e+00 +8.865027e+00 +8.860739e+00 +8.842891e+00 +8.854243e+00 +8.845290e+00 +8.851022e+00 +8.844568e+00 +8.839581e+00 
+inf +9.898548e+00 +9.348226e+00 +9.242288e+00 +9.242222e+00 +9.378196e+00 +9.269002e+00 +9.137816e+00 +9.110561e+00 +9.147921e+00 +9.107080e+00 +8.958226e+00 +8.926960e+00 +8.875818e+00 +8.867729e+00 +8.884260e+00 +8.850255e+00 +8.864993e+00 +8.861747e+00 +8.861904e+00 +8.852620e+00 +8.834917e+00 +8.813268e+00 +8.773369e+00 +8.773941e+00 +8.806263e+00 +8.741837e+00 +8.766084e+00 +8.752321e+00 +8.732785e+00 +8.721012e+00 +8.710162e+00 +8.702195e+00 +8.716974e+00 +8.685885e+00 +8.691519e+00 +8.674701e+00 +8.658643e+00 +8.682433e+00 +8.679006e+00 
+inf +1.023587e+01 +9.017132e+00 +8.773717e+00 +8.948806e+00 +9.048274e+00 +9.081352e+00 +9.151029e+00 +9.171670e+00 +9.070993e+00 +9.117842e+00 +9.104435e+00 +9.109770e+00 +9.153513e+00 +9.228755e+00 +9.223588e+00 +9.196814e+00 +9.194542e+00 +9.141380e+00 +9.140376e+00 +9.120381e+00 +9.123873e+00 +9.152677e+00 +9.128296e+00 +9.089520e+00 +9.075103e+00 +9.064366e+00 +9.060552e+00 +9.054195e+00 +9.045549e+00 +9.020155e+00 +9.028410e+00 +9.034817e+00 +9.043225e+00 +9.034336e+00 +9.025839e+00 +9.021187e+00 +9.010227e+00 +9.020279e+00 +9.025909e+00 
+inf +1.067471e+01 +1.004313e+01 +9.610103e+00 +9.199151e+00 +9.118313e+00 +9.178170e+00 +9.201871e+00 +9.227248e+00 +9.183015e+00 +9.143000e+00 +9.108974e+00 +9.209268e+00 +9.081487e+00 +9.023206e+00 +8.989389e+00 +9.036486e+00 +9.048554e+00 +9.076220e+00 +9.053349e+00 +9.033557e+00 +9.046531e+00 +9.064560e+00 +9.087725e+00 +9.110423e+00 +9.102020e+00 +9.082792e+00 +9.099833e+00 +9.118466e+00 +9.115082e+00 +9.107384e+00 +9.116198e+00 +9.068461e+00 +9.041313e+00 +9.045825e+00 +9.066283e+00 +9.057285e+00 +9.041257e+00 +9.040687e+00 +9.035945e+00 
+inf +1.029178e+01 +9.840042e+00 +9.358994e+00 +9.146608e+00 +9.220955e+00 +9.213233e+00 +9.085436e+00 +9.182892e+00 +9.215096e+00 +9.215631e+00 +9.220374e+00 +9.175091e+00 +9.161817e+00 +9.149335e+00 +9.177777e+00 +9.139124e+00 +9.170623e+00 +9.157826e+00 +9.116372e+00 +9.130081e+00 +9.138673e+00 +9.119483e+00 +9.122967e+00 +9.102292e+00 +9.065975e+00 +9.048503e+00 +9.024643e+00 +9.024210e+00 +9.029654e+00 +9.034795e+00 +9.038585e+00 +9.053735e+00 +9.055962e+00 +9.051638e+00 +9.059473e+00 +9.025349e+00 +9.037526e+00 +9.047065e+00 +9.059811e+00 
+inf +1.072803e+01 +1.069801e+01 +1.002758e+01 +9.858665e+00 +9.865851e+00 +9.712283e+00 +9.667068e+00 +9.544062e+00 +9.448445e+00 +9.510070e+00 +9.429504e+00 +9.465211e+00 +9.382166e+00 +9.351855e+00 +9.234019e+00 +9.240424e+00 +9.254312e+00 +9.247710e+00 +9.226150e+00 +9.233690e+00 +9.266580e+00 +9.276719e+00 +9.282984e+00 +9.309815e+00 +9.282285e+00 +9.271808e+00 +9.273976e+00 +9.249559e+00 +9.276737e+00 +9.270279e+00 +9.267386e+00 +9.237405e+00 +9.227112e+00 +9.231919e+00 +9.231902e+00 +9.245703e+00 +9.246571e+00 +9.255869e+00 +9.259761e+00 
+inf +1.102243e+01 +1.051183e+01 +1.010445e+01 +9.799613e+00 +9.854403e+00 +9.737455e+00 +9.785948e+00 +9.616102e+00 +9.532477e+00 +9.559702e+00 +9.514114e+00 +9.489569e+00 +9.401494e+00 +9.414732e+00 +9.415671e+00 +9.431500e+00 +9.444694e+00 +9.461312e+00 +9.461284e+00 +9.419836e+00 +9.363038e+00 +9.354651e+00 +9.344314e+00 +9.334135e+00 +9.338514e+00 +9.343696e+00 +9.354875e+00 +9.337546e+00 +9.350865e+00 +9.344574e+00 +9.381117e+00 +9.373454e+00 +9.407499e+00 +9.390373e+00 +9.362621e+00 +9.352714e+00 +9.328456e+00 +9.336782e+00 +9.350460e+00 
+inf +9.918513e+00 +9.684104e+00 +9.565982e+00 +9.635395e+00 +9.623490e+00 +9.508076e+00 +9.519508e+00 +9.543947e+00 +9.377856e+00 +9.362544e+00 +9.397228e+00 +9.344517e+00 +9.378818e+00 +9.379264e+00 +9.377708e+00 +9.394356e+00 +9.366954e+00 +9.354677e+00 +9.347780e+00 +9.338671e+00 +9.303524e+00 +9.280877e+00 +9.251007e+00 +9.256462e+00 +9.219855e+00 +9.246951e+00 +9.249923e+00 +9.285732e+00 +9.311718e+00 +9.309016e+00 +9.298341e+00 +9.294818e+00 +9.264990e+00 +9.267833e+00 +9.276076e+00 +9.310494e+00 +9.289399e+00 +9.319730e+00 +9.308354e+00 
+inf +1.171131e+01 +1.089113e+01 +1.079968e+01 +1.057385e+01 +1.027201e+01 +1.019721e+01 +1.021345e+01 +1.001390e+01 +9.932115e+00 +9.865761e+00 +9.732557e+00 +9.688111e+00 +9.676576e+00 +9.644448e+00 +9.642298e+00 +9.678973e+00 +9.708899e+00 +9.683677e+00 +9.665086e+00 +9.610411e+00 +9.562354e+00 +9.525743e+00 +9.570220e+00 +9.552031e+00 +9.559493e+00 +9.568786e+00 +9.540356e+00 +9.546595e+00 +9.513353e+00 +9.510675e+00 +9.487829e+00 +9.508671e+00 +9.493881e+00 +9.474799e+00 +9.465478e+00 +9.469739e+00 +9.475765e+00 +9.465080e+00 +9.486715e+00 
+inf +1.016320e+01 +9.627793e+00 +9.690952e+00 +9.685418e+00 +9.483414e+00 +9.546267e+00 +9.557491e+00 +9.528028e+00 +9.480723e+00 +9.581334e+00 +9.620809e+00 +9.662320e+00 +9.649145e+00 +9.566025e+00 +9.537215e+00 +9.537563e+00 +9.547394e+00 +9.554279e+00 +9.589247e+00 +9.569617e+00 +9.519664e+00 +9.484499e+00 +9.505465e+00 +9.523088e+00 +9.521200e+00 +9.538312e+00 +9.573818e+00 +9.566360e+00 +9.594799e+00 +9.589183e+00 +9.578741e+00 +9.576603e+00 +9.582266e+00 +9.575274e+00 +9.568696e+00 +9.546478e+00 +9.545270e+00 +9.547001e+00 +9.559777e+00 
+inf +1.113567e+01 +9.970096e+00 +9.654737e+00 +9.462128e+00 +9.427827e+00 +9.296418e+00 +9.353944e+00 +9.294894e+00 +9.361508e+00 +9.405395e+00 +9.472672e+00 +9.418042e+00 +9.417340e+00 +9.456987e+00 +9.466098e+00 +9.437257e+00 +9.430220e+00 +9.455087e+00 +9.452212e+00 +9.488241e+00 +9.518330e+00 +9.526776e+00 +9.543194e+00 +9.555719e+00 +9.570336e+00 +9.528018e+00 +9.522375e+00 +9.513820e+00 +9.493136e+00 +9.500554e+00 +9.506211e+00 +9.538695e+00 +9.570961e+00 +9.552048e+00 +9.559775e+00 +9.554524e+00 +9.555076e+00 +9.555190e+00 +9.571608e+00 
+inf +1.047556e+01 +1.003520e+01 +1.023567e+01 +1.020318e+01 +1.034329e+01 +1.027981e+01 +1.006454e+01 +1.013277e+01 +1.001243e+01 +1.006747e+01 +1.008176e+01 +1.007652e+01 +1.006526e+01 +1.011980e+01 +1.010832e+01 +1.008945e+01 +1.010262e+01 +1.003914e+01 +1.001192e+01 +1.001466e+01 +9.962776e+00 +9.933332e+00 +9.950365e+00 +9.906887e+00 +9.899135e+00 +9.911818e+00 +9.901919e+00 +9.881767e+00 +9.859469e+00 +9.859068e+00 +9.849471e+00 +9.866188e+00 +9.881138e+00 +9.879810e+00 +9.863031e+00 +9.862189e+00 +9.846282e+00 +9.824730e+00 +9.828768e+00 
+inf +1.102301e+01 +9.739975e+00 +9.902505e+00 +1.001095e+01 +1.013489e+01 +1.002873e+01 +9.938074e+00 +9.927698e+00 +9.998304e+00 +1.003872e+01 +1.011568e+01 +1.011992e+01 +1.004402e+01 +9.941400e+00 +9.957374e+00 +1.001407e+01 +9.985904e+00 +1.001140e+01 +9.953420e+00 +9.898803e+00 +9.870739e+00 +9.861384e+00 +9.888128e+00 +9.890763e+00 +9.917437e+00 +9.950575e+00 +9.957073e+00 +9.967647e+00 +9.980348e+00 +9.961463e+00 +9.958418e+00 +9.947895e+00 +9.943069e+00 +9.931660e+00 +9.937210e+00 +9.923123e+00 +9.922400e+00 +9.932671e+00 +9.927069e+00 
+inf +1.259399e+01 +1.150499e+01 +1.134063e+01 +1.114618e+01 +1.084251e+01 +1.073259e+01 +1.070566e+01 +1.054434e+01 +1.047374e+01 +1.048559e+01 +1.045282e+01 +1.042027e+01 +1.032320e+01 +1.027191e+01 +1.026420e+01 +1.018767e+01 +1.018474e+01 +1.021107e+01 +1.025906e+01 +1.024374e+01 +1.024449e+01 +1.028600e+01 +1.024950e+01 +1.026730e+01 +1.027423e+01 +1.027216e+01 +1.028374e+01 +1.026244e+01 +1.028315e+01 +1.032821e+01 +1.029410e+01 +1.028684e+01 +1.027148e+01 +1.026740e+01 +1.022824e+01 +1.022105e+01 +1.021256e+01 +1.019723e+01 +1.016891e+01 
+inf +1.114475e+01 +1.075697e+01 +1.050466e+01 +1.038499e+01 +1.011654e+01 +9.981958e+00 +9.961048e+00 +9.930966e+00 +9.975197e+00 +9.956014e+00 +9.938092e+00 +9.979020e+00 +9.956849e+00 +1.005933e+01 +9.992064e+00 +9.997544e+00 +1.000513e+01 +1.000042e+01 +9.937341e+00 +9.941250e+00 +9.874377e+00 +9.866998e+00 +9.893949e+00 +9.898048e+00 +9.872785e+00 +9.909018e+00 +9.914765e+00 +9.899331e+00 +9.930857e+00 +9.937249e+00 +9.927157e+00 +9.914429e+00 +9.928520e+00 +9.940180e+00 +9.933656e+00 +9.962280e+00 +9.962992e+00 +9.983545e+00 +9.990002e+00 
+inf +1.112135e+01 +1.029242e+01 +9.932088e+00 +1.008364e+01 +1.024371e+01 +1.037676e+01 +1.030022e+01 +1.029421e+01 +1.023833e+01 +1.013855e+01 +1.015716e+01 +1.015021e+01 +1.011783e+01 +1.010757e+01 +1.009485e+01 +1.012585e+01 +1.010681e+01 +1.012744e+01 +1.010948e+01 +1.010732e+01 +1.008385e+01 +1.012050e+01 +1.018581e+01 +1.017392e+01 +1.018411e+01 +1.017453e+01 +1.018980e+01 +1.017956e+01 +1.020213e+01 +1.022127e+01 +1.021110e+01 +1.019784e+01 +1.018417e+01 +1.015337e+01 +1.015771e+01 +1.014766e+01 +1.014225e+01 +1.016121e+01 +1.015462e+01 
+inf +1.221969e+01 +1.175926e+01 +1.163925e+01 +1.099911e+01 +1.081730e+01 +1.059343e+01 +1.064109e+01 +1.042428e+01 +1.044894e+01 +1.034618e+01 +1.020756e+01 +1.023959e+01 +1.027905e+01 +1.028858e+01 +1.029004e+01 +1.032971e+01 +1.035884e+01 +1.029179e+01 +1.020760e+01 +1.021221e+01 +1.022058e+01 +1.026202e+01 +1.023778e+01 +1.020797e+01 +1.021725e+01 +1.024549e+01 +1.026335e+01 +1.028087e+01 +1.027076e+01 +1.024544e+01 +1.023685e+01 +1.023345e+01 +1.024125e+01 +1.023374e+01 +1.025133e+01 +1.022751e+01 +1.024220e+01 +1.024673e+01 +1.024937e+01 
