0.25         ,  2           , +2.000000e+00, +1.858692e+00, +3.858692e+00, 
+3.500000e-01, +1.428571e+00, +1.428571e+00, +1.308964e+00, +2.737535e+00, 
+4.500000e-01, +1.111111e+00, +1.111111e+00, +1.140237e+00, +2.251348e+00, 
+5.500000e-01, +9.090909e-01, +9.090909e-01, +9.925747e-01, +1.901666e+00, 
+6.500000e-01, +7.692308e-01, +7.692308e-01, +8.899280e-01, +1.659159e+00, 
+7.500000e-01, +6.666667e-01, +6.666667e-01, +6.670201e-01, +1.333687e+00, 
+8.500000e-01, +5.882353e-01, +5.882353e-01, +5.760231e-01, +1.164258e+00, 
+9.500000e-01, +5.263158e-01, +5.263158e-01, +5.965492e-01, +1.122865e+00, 
+1.050000e+00, +4.761905e-01, +4.761905e-01, +4.457081e-01, +9.218985e-01, 
+1.150000e+00, +4.347826e-01, +4.347826e-01, +4.225838e-01, +8.573664e-01, 
+1.250000e+00, +4.000000e-01, +4.000000e-01, +4.399889e-01, +8.399889e-01, 
+1.350000e+00, +3.703704e-01, +3.703704e-01, +3.413503e-01, +7.117206e-01, 
+1.450000e+00, +3.448276e-01, +3.448276e-01, +2.488129e-01, +5.936404e-01, 
+1.550000e+00, +3.225806e-01, +3.225806e-01, +2.973349e-01, +6.199155e-01, 
+1.650000e+00, +3.030303e-01, +3.030303e-01, +3.495362e-01, +6.525665e-01, 
+1.750000e+00, +2.857143e-01, +2.857143e-01, +2.931977e-01, +5.789119e-01, 
+1.850000e+00, +2.702703e-01, +2.702703e-01, +2.660695e-01, +5.363398e-01, 
+1.950000e+00, +2.564103e-01, +2.564103e-01, +2.709787e-01, +5.273889e-01, 
+2.050000e+00, +2.439024e-01, +2.439024e-01, +2.337738e-01, +4.776763e-01, 
+2.150000e+00, +2.325581e-01, +2.325581e-01, +2.127375e-01, +4.452956e-01, 
+2.250000e+00, +2.222222e-01, +2.222222e-01, +1.807858e-01, +4.030080e-01, 
+2.350000e+00, +2.127660e-01, +2.127660e-01, +2.119774e-01, +4.247434e-01, 
+2.450000e+00, +2.040816e-01, +2.040816e-01, +1.901138e-01, +3.941955e-01, 
+2.550000e+00, +1.960784e-01, +1.960784e-01, +1.894008e-01, +3.854792e-01, 
+2.650000e+00, +1.886792e-01, +1.886792e-01, +2.190782e-01, +4.077574e-01, 
+2.750000e+00, +1.818182e-01, +1.818182e-01, +1.611329e-01, +3.429510e-01, 
+2.850000e+00, +1.754386e-01, +1.754386e-01, +1.401870e-01, +3.156256e-01, 
+2.950000e+00, +1.694915e-01, +1.694915e-01, +2.006644e-01, +3.701560e-01, 
+3.050000e+00, +1.639344e-01, +1.639344e-01, +1.728087e-01, +3.367431e-01, 
+3.150000e+00, +1.587302e-01, +1.587302e-01, +1.330047e-01, +2.917348e-01, 
+3.250000e+00, +1.538462e-01, +1.538462e-01, +1.718027e-01, +3.256489e-01, 
+3.350000e+00, +1.492537e-01, +1.492537e-01, +1.142483e-01, +2.635020e-01, 
+3.450000e+00, +1.449275e-01, +1.449275e-01, +1.595677e-01, +3.044952e-01, 
+3.550000e+00, +1.408451e-01, +1.408451e-01, +8.366239e-02, +2.245075e-01, 
+3.650000e+00, +1.369863e-01, +1.369863e-01, +1.591690e-01, +2.961553e-01, 
+3.750000e+00, +1.333333e-01, +1.333333e-01, +1.066634e-01, +2.399967e-01, 
+3.850000e+00, +1.298701e-01, +1.298701e-01, +1.146390e-01, +2.445091e-01, 
+3.950000e+00, +1.265823e-01, +1.265823e-01, +1.656306e-01, +2.922129e-01, 
+4.050000e+00, +1.234568e-01, +1.234568e-01, +1.047023e-01, +2.281591e-01, 
+4.150000e+00, +1.204819e-01, +1.204819e-01, +1.063450e-01, +2.268269e-01, 
+4.250000e+00, +1.176471e-01, +1.176471e-01, +9.229975e-02, +2.099468e-01, 
+4.350000e+00, +1.149425e-01, +1.149425e-01, +1.172562e-01, +2.321987e-01, 
+4.450000e+00, +1.123596e-01, +1.123596e-01, +1.068655e-01, +2.192251e-01, 
+4.550000e+00, +1.098901e-01, +1.098901e-01, +1.128032e-01, +2.226933e-01, 
+4.650000e+00, +1.075269e-01, +1.075269e-01, +9.135346e-02, +1.988803e-01, 
+4.750000e+00, +1.052632e-01, +1.052632e-01, +1.221816e-01, +2.274448e-01, 
+4.850000e+00, +1.030928e-01, +1.030928e-01, +8.529341e-02, +1.883862e-01, 
+4.950000e+00, +1.010101e-01, +1.010101e-01, +1.118105e-01, +2.128206e-01, 
+5.050000e+00, +9.900990e-02, +9.900990e-02, +7.914856e-02, +1.781585e-01, 
+5.150000e+00, +9.708738e-02, +9.708738e-02, +7.227680e-02, +1.693642e-01, 
+5.250000e+00, +9.523810e-02, +9.523810e-02, +8.915918e-02, +1.843973e-01, 
+5.350000e+00, +9.345794e-02, +9.345794e-02, +1.152368e-01, +2.086948e-01, 
+5.450000e+00, +9.174312e-02, +9.174312e-02, +1.444262e-01, +2.361693e-01, 
+5.550000e+00, +9.009009e-02, +9.009009e-02, +9.625207e-02, +1.863422e-01, 
+5.650000e+00, +8.849558e-02, +8.849558e-02, +9.476357e-02, +1.832591e-01, 
+5.750000e+00, +8.695652e-02, +8.695652e-02, +5.838337e-02, +1.453399e-01, 
+5.850000e+00, +8.547009e-02, +8.547009e-02, +9.979429e-02, +1.852644e-01, 
+5.950000e+00, +8.403361e-02, +8.403361e-02, +7.320209e-02, +1.572357e-01, 
+6.050000e+00, +8.264463e-02, +8.264463e-02, +6.957423e-02, +1.522189e-01, 
+6.150000e+00, +8.130081e-02, +8.130081e-02, +7.221792e-02, +1.535187e-01, 
+6.250000e+00, +8.000000e-02, +8.000000e-02, +6.800009e-02, +1.480001e-01, 
+6.350000e+00, +7.874016e-02, +7.874016e-02, +8.369973e-02, +1.624399e-01, 
+6.450000e+00, +7.751938e-02, +7.751938e-02, +7.556567e-02, +1.530851e-01, 
+6.550000e+00, +7.633588e-02, +7.633588e-02, +6.480027e-02, +1.411361e-01, 
+6.650000e+00, +7.518797e-02, +7.518797e-02, +7.689749e-02, +1.520855e-01, 
+6.750000e+00, +7.407407e-02, +7.407407e-02, +5.660313e-02, +1.306772e-01, 
+6.850000e+00, +7.299270e-02, +7.299270e-02, +7.681652e-02, +1.498092e-01, 
+6.950000e+00, +7.194245e-02, +7.194245e-02, +6.582573e-02, +1.377682e-01, 
+7.050000e+00, +7.092199e-02, +7.092199e-02, +6.005389e-02, +1.309759e-01, 
+7.150000e+00, +6.993007e-02, +6.993007e-02, +5.823216e-02, +1.281622e-01, 
+7.250000e+00, +6.896552e-02, +6.896552e-02, +5.571850e-02, +1.246840e-01, 
+7.350000e+00, +6.802721e-02, +6.802721e-02, +5.942805e-02, +1.274553e-01, 
+7.450000e+00, +6.711409e-02, +6.711409e-02, +6.151335e-02, +1.286274e-01, 
+7.550000e+00, +6.622517e-02, +6.622517e-02, +5.674426e-02, +1.229694e-01, 
+7.650000e+00, +6.535948e-02, +6.535948e-02, +5.596743e-02, +1.213269e-01, 
+7.750000e+00, +6.451613e-02, +6.451613e-02, +4.692966e-02, +1.114458e-01, 
+7.850000e+00, +6.369427e-02, +6.369427e-02, +5.366056e-02, +1.173548e-01, 
+7.950000e+00, +6.289308e-02, +6.289308e-02, +6.665004e-02, +1.295431e-01, 
+8.050000e+00, +6.211180e-02, +6.211180e-02, +4.643007e-02, +1.085419e-01, 
+8.150000e+00, +6.134969e-02, +6.134969e-02, +7.415250e-02, +1.355022e-01, 
+8.250000e+00, +6.060606e-02, +6.060606e-02, +5.469750e-02, +1.153036e-01, 
+8.350000e+00, +5.988024e-02, +5.988024e-02, +7.079011e-02, +1.306703e-01, 
+8.450000e+00, +5.917160e-02, +5.917160e-02, +5.129186e-02, +1.104635e-01, 
+8.550000e+00, +5.847953e-02, +5.847953e-02, +6.217870e-02, +1.206582e-01, 
+8.650000e+00, +5.780347e-02, +5.780347e-02, +4.950752e-02, +1.073110e-01, 
+8.750000e+00, +5.714286e-02, +5.714286e-02, +4.820136e-02, +1.053442e-01, 
+8.850000e+00, +5.649718e-02, +5.649718e-02, +6.338163e-02, +1.198788e-01, 
+8.950000e+00, +5.586592e-02, +5.586592e-02, +5.192225e-02, +1.077882e-01, 
+9.050000e+00, +5.524862e-02, +5.524862e-02, +6.742662e-02, +1.226752e-01, 
+9.150000e+00, +5.464481e-02, +5.464481e-02, +4.443560e-02, +9.908041e-02, 
+9.250000e+00, +5.405405e-02, +5.405405e-02, +7.166276e-02, +1.257168e-01, 
+9.350000e+00, +5.347594e-02, +5.347594e-02, +3.590338e-02, +8.937932e-02, 
+9.450000e+00, +5.291005e-02, +5.291005e-02, +6.271890e-02, +1.156290e-01, 
+9.550000e+00, +5.235602e-02, +5.235602e-02, +4.725695e-02, +9.961297e-02, 
+9.650000e+00, +5.181347e-02, +5.181347e-02, +4.978407e-02, +1.015975e-01, 
+9.750000e+00, +5.128205e-02, +5.128205e-02, +4.556619e-02, +9.684824e-02, 
+9.850000e+00, +5.076142e-02, +5.076142e-02, +4.989035e-02, +1.006518e-01, 
+9.950000e+00, +5.025126e-02, +5.025126e-02, +3.136482e-02, +8.161607e-02, 
+1.005000e+01, +4.975124e-02, +4.975124e-02, +6.576763e-02, +1.155189e-01, 
+1.015000e+01, +4.926108e-02, +4.926108e-02, +4.372723e-02, +9.298831e-02, 
