+inf +2.932046e-01 +2.861431e-01 +2.976833e-01 +2.985139e-01 +2.984509e-01 +3.009972e-01 +3.007179e-01 +2.983278e-01 +2.958624e-01 +2.950834e-01 +2.951135e-01 +2.947932e-01 +2.970438e-01 +2.984151e-01 +2.984065e-01 +2.992682e-01 +2.988030e-01 +2.987301e-01 +2.987353e-01 +2.987649e-01 +2.982770e-01 +2.986424e-01 +2.981382e-01 +2.988546e-01 +2.984991e-01 +2.980021e-01 +2.984285e-01 +2.977695e-01 +2.983875e-01 +2.978647e-01 +2.979066e-01 +2.978024e-01 +2.985103e-01 +2.978752e-01 +2.978718e-01 +2.981246e-01 +2.985287e-01 +2.985125e-01 +2.989919e-01 
+inf +4.317384e-01 +4.295432e-01 +4.156710e-01 +4.130321e-01 +4.063558e-01 +4.086903e-01 +4.025654e-01 +4.024747e-01 +4.056625e-01 +4.061581e-01 +4.064874e-01 +4.087008e-01 +4.087701e-01 +4.065974e-01 +4.083030e-01 +4.089889e-01 +4.083447e-01 +4.088459e-01 +4.075790e-01 +4.069351e-01 +4.065889e-01 +4.047774e-01 +4.058982e-01 +4.060133e-01 +4.059334e-01 +4.051396e-01 +4.043834e-01 +4.048377e-01 +4.045907e-01 +4.043402e-01 +4.040687e-01 +4.043712e-01 +4.029594e-01 +4.017501e-01 +4.015229e-01 +4.015137e-01 +4.018706e-01 +4.017805e-01 +4.017962e-01 
+inf +5.205130e-01 +5.181070e-01 +5.179666e-01 +5.171229e-01 +5.176553e-01 +5.140236e-01 +5.065209e-01 +5.057074e-01 +5.014554e-01 +4.997336e-01 +4.995478e-01 +4.966646e-01 +4.995154e-01 +4.971377e-01 +4.982773e-01 +4.991691e-01 +4.991321e-01 +4.996703e-01 +5.003759e-01 +4.984426e-01 +4.988538e-01 +4.990401e-01 +5.001557e-01 +4.990167e-01 +4.989642e-01 +4.985153e-01 +4.992093e-01 +5.004600e-01 +4.999997e-01 +5.007950e-01 +5.014334e-01 +5.017979e-01 +5.009373e-01 +5.019360e-01 +5.020560e-01 +5.018276e-01 +5.020968e-01 +5.021149e-01 +5.026610e-01 
+inf +6.163191e-01 +5.922622e-01 +6.011304e-01 +6.056553e-01 +6.120323e-01 +6.008323e-01 +6.074600e-01 +6.115504e-01 +6.108957e-01 +6.018115e-01 +6.040309e-01 +5.980824e-01 +5.983014e-01 +5.932225e-01 +5.911266e-01 +5.956525e-01 +5.943663e-01 +5.942004e-01 +5.926389e-01 +5.935664e-01 +5.910842e-01 +5.905793e-01 +5.906975e-01 +5.927438e-01 +5.934509e-01 +5.904436e-01 +5.892238e-01 +5.917774e-01 +5.909098e-01 +5.913137e-01 +5.932114e-01 +5.925902e-01 +5.905269e-01 +5.904590e-01 +5.898472e-01 +5.909420e-01 +5.924046e-01 +5.928459e-01 +5.947752e-01 
+inf +6.918712e-01 +6.812238e-01 +6.559623e-01 +6.555387e-01 +6.797275e-01 +6.795877e-01 +6.795589e-01 +6.750487e-01 +6.875251e-01 +6.879049e-01 +6.972201e-01 +6.972757e-01 +7.046673e-01 +6.991043e-01 +6.974439e-01 +7.014164e-01 +7.000261e-01 +7.022018e-01 +7.000043e-01 +7.022025e-01 +7.015471e-01 +7.027192e-01 +7.035453e-01 +7.067074e-01 +7.095133e-01 +7.104069e-01 +7.107450e-01 +7.077935e-01 +7.061310e-01 +7.044882e-01 +7.049284e-01 +7.039607e-01 +7.037429e-01 +7.011292e-01 +7.004572e-01 +7.037124e-01 +7.039810e-01 +7.048076e-01 +7.024050e-01 
+inf +8.279929e-01 +8.040359e-01 +8.350103e-01 +8.273041e-01 +8.059884e-01 +7.944384e-01 +7.942110e-01 +7.824395e-01 +7.876537e-01 +7.916809e-01 +7.862661e-01 +7.874104e-01 +7.805184e-01 +7.896506e-01 +7.969126e-01 +7.953895e-01 +7.987220e-01 +7.986813e-01 +8.026243e-01 +8.056431e-01 +8.017910e-01 +7.970159e-01 +7.997947e-01 +8.032680e-01 +8.046624e-01 +8.069277e-01 +8.091127e-01 +8.034679e-01 +8.042331e-01 +8.035107e-01 +8.064600e-01 +8.067546e-01 +8.029689e-01 +8.013514e-01 +8.012703e-01 +8.031986e-01 +8.012298e-01 +8.010012e-01 +8.028618e-01 
+inf +8.935561e-01 +9.147061e-01 +9.115900e-01 +8.688829e-01 +8.648594e-01 +8.502513e-01 +8.558906e-01 +8.535139e-01 +8.584648e-01 +8.651333e-01 +8.758213e-01 +8.739062e-01 +8.650508e-01 +8.663474e-01 +8.689462e-01 +8.692492e-01 +8.631675e-01 +8.710874e-01 +8.759710e-01 +8.756763e-01 +8.809995e-01 +8.831086e-01 +8.817801e-01 +8.791498e-01 +8.800809e-01 +8.799834e-01 +8.816726e-01 +8.833671e-01 +8.847916e-01 +8.803538e-01 +8.820202e-01 +8.815738e-01 +8.824596e-01 +8.801232e-01 +8.784871e-01 +8.791576e-01 +8.823484e-01 +8.835876e-01 +8.845286e-01 
+inf +1.127143e+00 +1.047952e+00 +1.090965e+00 +1.075190e+00 +1.063967e+00 +1.051498e+00 +1.026061e+00 +1.023387e+00 +1.000781e+00 +1.011497e+00 +1.013233e+00 +1.010657e+00 +1.000653e+00 +9.987835e-01 +1.005310e+00 +1.003413e+00 +9.938898e-01 +9.916048e-01 +9.989816e-01 +1.002521e+00 +9.954280e-01 +9.945054e-01 +9.889225e-01 +9.932338e-01 +9.941235e-01 +9.923233e-01 +9.957879e-01 +9.957536e-01 +9.934814e-01 +9.833838e-01 +9.831575e-01 +9.861049e-01 +9.850386e-01 +9.871033e-01 +9.872999e-01 +9.826813e-01 +9.825118e-01 +9.848307e-01 +9.852565e-01 
+inf +1.099647e+00 +1.143635e+00 +1.065669e+00 +1.098525e+00 +1.066511e+00 +1.093979e+00 +1.102646e+00 +1.102953e+00 +1.106710e+00 +1.107216e+00 +1.107696e+00 +1.103593e+00 +1.120805e+00 +1.111457e+00 +1.108605e+00 +1.114796e+00 +1.113083e+00 +1.115665e+00 +1.116840e+00 +1.112091e+00 +1.119732e+00 +1.117009e+00 +1.118745e+00 +1.116048e+00 +1.114621e+00 +1.110397e+00 +1.113058e+00 +1.113670e+00 +1.111541e+00 +1.109556e+00 +1.108999e+00 +1.110915e+00 +1.109603e+00 +1.107546e+00 +1.108983e+00 +1.104800e+00 +1.104382e+00 +1.105243e+00 +1.103358e+00 
+inf +1.401259e+00 +1.219854e+00 +1.211352e+00 +1.240904e+00 +1.205546e+00 +1.217963e+00 +1.205403e+00 +1.195600e+00 +1.207555e+00 +1.204251e+00 +1.214765e+00 +1.212724e+00 +1.211441e+00 +1.210195e+00 +1.207556e+00 +1.209947e+00 +1.211515e+00 +1.205568e+00 +1.213139e+00 +1.211531e+00 +1.218285e+00 +1.214630e+00 +1.211479e+00 +1.211403e+00 +1.206213e+00 +1.200077e+00 +1.199611e+00 +1.200660e+00 +1.198856e+00 +1.196286e+00 +1.195070e+00 +1.197952e+00 +1.195698e+00 +1.200847e+00 +1.201757e+00 +1.195028e+00 +1.193884e+00 +1.188269e+00 +1.190151e+00 
+inf +1.235145e+00 +1.315384e+00 +1.379798e+00 +1.282578e+00 +1.300229e+00 +1.279595e+00 +1.261481e+00 +1.274933e+00 +1.245836e+00 +1.243074e+00 +1.240045e+00 +1.242981e+00 +1.238161e+00 +1.246458e+00 +1.257456e+00 +1.267117e+00 +1.263608e+00 +1.255740e+00 +1.250632e+00 +1.258498e+00 +1.251148e+00 +1.250842e+00 +1.246377e+00 +1.254111e+00 +1.254802e+00 +1.259098e+00 +1.249461e+00 +1.249840e+00 +1.252131e+00 +1.250228e+00 +1.249052e+00 +1.254092e+00 +1.263524e+00 +1.262983e+00 +1.263694e+00 +1.266718e+00 +1.266913e+00 +1.269307e+00 +1.267000e+00 
+inf +1.695097e+00 +1.519369e+00 +1.464766e+00 +1.499273e+00 +1.511078e+00 +1.467020e+00 +1.482037e+00 +1.465514e+00 +1.448352e+00 +1.433607e+00 +1.414733e+00 +1.408413e+00 +1.414855e+00 +1.417188e+00 +1.435151e+00 +1.416856e+00 +1.430958e+00 +1.427324e+00 +1.425596e+00 +1.432175e+00 +1.441670e+00 +1.439670e+00 +1.434718e+00 +1.420445e+00 +1.416227e+00 +1.418448e+00 +1.418428e+00 +1.414874e+00 +1.421316e+00 +1.417394e+00 +1.418292e+00 +1.419398e+00 +1.418549e+00 +1.427417e+00 +1.425304e+00 +1.427783e+00 +1.425987e+00 +1.434035e+00 +1.429743e+00 
+inf +1.665456e+00 +1.578333e+00 +1.570181e+00 +1.540396e+00 +1.568769e+00 +1.564092e+00 +1.529478e+00 +1.572076e+00 +1.534588e+00 +1.546896e+00 +1.544023e+00 +1.552514e+00 +1.563766e+00 +1.557334e+00 +1.557275e+00 +1.576810e+00 +1.562101e+00 +1.555128e+00 +1.558943e+00 +1.546823e+00 +1.548265e+00 +1.545431e+00 +1.543190e+00 +1.543963e+00 +1.544289e+00 +1.537897e+00 +1.534259e+00 +1.533002e+00 +1.536390e+00 +1.534306e+00 +1.523607e+00 +1.525890e+00 +1.529422e+00 +1.537528e+00 +1.526990e+00 +1.527983e+00 +1.530888e+00 +1.531619e+00 +1.534693e+00 
+inf +1.906269e+00 +1.799226e+00 +1.827277e+00 +1.729609e+00 +1.738674e+00 +1.685861e+00 +1.698224e+00 +1.713004e+00 +1.664518e+00 +1.646664e+00 +1.610751e+00 +1.613758e+00 +1.604345e+00 +1.596656e+00 +1.567949e+00 +1.582638e+00 +1.579885e+00 +1.571074e+00 +1.581504e+00 +1.592156e+00 +1.603787e+00 +1.604714e+00 +1.603522e+00 +1.599162e+00 +1.607988e+00 +1.610694e+00 +1.611412e+00 +1.612999e+00 +1.604072e+00 +1.603123e+00 +1.601273e+00 +1.595907e+00 +1.596796e+00 +1.587334e+00 +1.588118e+00 +1.595391e+00 +1.593886e+00 +1.591591e+00 +1.590385e+00 
+inf +2.152624e+00 +1.563546e+00 +1.513691e+00 +1.491114e+00 +1.552284e+00 +1.622128e+00 +1.617730e+00 +1.627604e+00 +1.641841e+00 +1.658332e+00 +1.690982e+00 +1.702518e+00 +1.702124e+00 +1.695362e+00 +1.709297e+00 +1.721199e+00 +1.699719e+00 +1.709476e+00 +1.718803e+00 +1.701904e+00 +1.705459e+00 +1.711119e+00 +1.718854e+00 +1.733142e+00 +1.742340e+00 +1.734224e+00 +1.741269e+00 +1.747089e+00 +1.753784e+00 +1.745867e+00 +1.739409e+00 +1.750359e+00 +1.743434e+00 +1.738773e+00 +1.726390e+00 +1.719871e+00 +1.719251e+00 +1.722289e+00 +1.722993e+00 
+inf +2.092626e+00 +1.859745e+00 +1.790962e+00 +1.779313e+00 +1.767523e+00 +1.815463e+00 +1.807736e+00 +1.830903e+00 +1.803236e+00 +1.770291e+00 +1.784393e+00 +1.794486e+00 +1.785662e+00 +1.786080e+00 +1.798032e+00 +1.799884e+00 +1.786719e+00 +1.761760e+00 +1.739822e+00 +1.750922e+00 +1.757050e+00 +1.759819e+00 +1.750578e+00 +1.757069e+00 +1.760110e+00 +1.760581e+00 +1.758977e+00 +1.757509e+00 +1.772125e+00 +1.763777e+00 +1.758067e+00 +1.747712e+00 +1.745025e+00 +1.752680e+00 +1.755067e+00 +1.755659e+00 +1.763191e+00 +1.766082e+00 +1.763961e+00 
+inf +2.106441e+00 +1.756396e+00 +1.833546e+00 +1.757627e+00 +1.748516e+00 +1.746822e+00 +1.752385e+00 +1.762237e+00 +1.813496e+00 +1.815863e+00 +1.799029e+00 +1.781385e+00 +1.787910e+00 +1.800463e+00 +1.810459e+00 +1.822626e+00 +1.830522e+00 +1.827176e+00 +1.816316e+00 +1.822831e+00 +1.832145e+00 +1.842882e+00 +1.852518e+00 +1.860165e+00 +1.855817e+00 +1.845645e+00 +1.851808e+00 +1.864564e+00 +1.870912e+00 +1.876839e+00 +1.884569e+00 +1.882216e+00 +1.876593e+00 +1.872486e+00 +1.873613e+00 +1.877601e+00 +1.874148e+00 +1.881030e+00 +1.885394e+00 
+inf +2.690260e+00 +2.213191e+00 +2.037452e+00 +1.968256e+00 +1.949429e+00 +1.926123e+00 +1.948464e+00 +1.944290e+00 +1.919756e+00 +1.954606e+00 +1.979779e+00 +1.996549e+00 +2.014224e+00 +2.015656e+00 +2.012465e+00 +2.023938e+00 +2.020655e+00 +2.014529e+00 +2.017812e+00 +2.023059e+00 +2.021014e+00 +2.020022e+00 +2.023067e+00 +2.031855e+00 +2.042357e+00 +2.048842e+00 +2.076736e+00 +2.076229e+00 +2.072917e+00 +2.063007e+00 +2.044852e+00 +2.034465e+00 +2.052845e+00 +2.050188e+00 +2.042057e+00 +2.046193e+00 +2.050474e+00 +2.044099e+00 +2.047007e+00 
+inf +2.217700e+00 +2.316333e+00 +2.345504e+00 +2.002894e+00 +2.043947e+00 +2.028570e+00 +2.025561e+00 +2.034073e+00 +2.037789e+00 +2.050155e+00 +2.074246e+00 +2.084244e+00 +2.089767e+00 +2.076242e+00 +2.081559e+00 +2.106147e+00 +2.134318e+00 +2.153589e+00 +2.138915e+00 +2.132598e+00 +2.131532e+00 +2.140527e+00 +2.106569e+00 +2.086229e+00 +2.059304e+00 +2.071257e+00 +2.080386e+00 +2.073866e+00 +2.075444e+00 +2.066329e+00 +2.070413e+00 +2.061390e+00 +2.059437e+00 +2.060935e+00 +2.064872e+00 +2.078765e+00 +2.069553e+00 +2.071229e+00 +2.067536e+00 
+inf +2.357892e+00 +2.618935e+00 +2.652125e+00 +2.635136e+00 +2.446761e+00 +2.376082e+00 +2.327511e+00 +2.315816e+00 +2.321321e+00 +2.356262e+00 +2.370077e+00 +2.365356e+00 +2.358384e+00 +2.373384e+00 +2.371019e+00 +2.362913e+00 +2.345261e+00 +2.338369e+00 +2.336112e+00 +2.350631e+00 +2.330067e+00 +2.326968e+00 +2.320691e+00 +2.322833e+00 +2.335084e+00 +2.335802e+00 +2.319895e+00 +2.302399e+00 +2.318189e+00 +2.316351e+00 +2.320064e+00 +2.319839e+00 +2.320094e+00 +2.318340e+00 +2.303801e+00 +2.293230e+00 +2.296800e+00 +2.297871e+00 +2.280475e+00 
+inf +2.708022e+00 +2.733044e+00 +2.536062e+00 +2.474156e+00 +2.444369e+00 +2.406081e+00 +2.339834e+00 +2.253481e+00 +2.263977e+00 +2.267460e+00 +2.279109e+00 +2.277534e+00 +2.220867e+00 +2.200129e+00 +2.191781e+00 +2.217149e+00 +2.219902e+00 +2.224070e+00 +2.244758e+00 +2.265317e+00 +2.264950e+00 +2.262209e+00 +2.273190e+00 +2.275218e+00 +2.292896e+00 +2.277016e+00 +2.263592e+00 +2.243230e+00 +2.229501e+00 +2.236038e+00 +2.232629e+00 +2.238069e+00 +2.223205e+00 +2.212590e+00 +2.210562e+00 +2.206962e+00 +2.216129e+00 +2.227234e+00 +2.235484e+00 
+inf +2.517608e+00 +2.476942e+00 +2.505416e+00 +2.598837e+00 +2.615076e+00 +2.495417e+00 +2.488852e+00 +2.386489e+00 +2.399402e+00 +2.378914e+00 +2.405681e+00 +2.395988e+00 +2.393232e+00 +2.358963e+00 +2.380172e+00 +2.388119e+00 +2.399358e+00 +2.429989e+00 +2.432858e+00 +2.450389e+00 +2.468398e+00 +2.446562e+00 +2.415621e+00 +2.389725e+00 +2.404958e+00 +2.421401e+00 +2.429525e+00 +2.427950e+00 +2.425270e+00 +2.430676e+00 +2.428438e+00 +2.427269e+00 +2.419214e+00 +2.413038e+00 +2.409736e+00 +2.417605e+00 +2.401603e+00 +2.394795e+00 +2.401771e+00 
+inf +2.793789e+00 +2.463314e+00 +2.498789e+00 +2.486548e+00 +2.549747e+00 +2.519887e+00 +2.523488e+00 +2.594855e+00 +2.596633e+00 +2.602804e+00 +2.615965e+00 +2.601521e+00 +2.567199e+00 +2.545865e+00 +2.536488e+00 +2.544797e+00 +2.576778e+00 +2.565552e+00 +2.559896e+00 +2.554932e+00 +2.554908e+00 +2.574788e+00 +2.616662e+00 +2.620525e+00 +2.613819e+00 +2.574860e+00 +2.553793e+00 +2.548162e+00 +2.543194e+00 +2.560443e+00 +2.543518e+00 +2.542158e+00 +2.535071e+00 +2.527829e+00 +2.534542e+00 +2.542028e+00 +2.552120e+00 +2.550987e+00 +2.550665e+00 
+inf +3.469550e+00 +3.037120e+00 +3.027138e+00 +2.901507e+00 +2.675630e+00 +2.593139e+00 +2.565608e+00 +2.655416e+00 +2.600420e+00 +2.600959e+00 +2.612336e+00 +2.581341e+00 +2.577799e+00 +2.606659e+00 +2.612036e+00 +2.543441e+00 +2.570988e+00 +2.582333e+00 +2.580096e+00 +2.571817e+00 +2.562451e+00 +2.559192e+00 +2.543710e+00 +2.540232e+00 +2.573288e+00 +2.572882e+00 +2.573537e+00 +2.593033e+00 +2.596207e+00 +2.608989e+00 +2.612809e+00 +2.589331e+00 +2.576675e+00 +2.571467e+00 +2.572759e+00 +2.553924e+00 +2.557260e+00 +2.546698e+00 +2.559371e+00 
+inf +3.157169e+00 +2.707159e+00 +2.555542e+00 +2.357546e+00 +2.441137e+00 +2.503766e+00 +2.563045e+00 +2.563509e+00 +2.634352e+00 +2.684578e+00 +2.680253e+00 +2.648207e+00 +2.664317e+00 +2.632519e+00 +2.649120e+00 +2.617751e+00 +2.637258e+00 +2.651586e+00 +2.661678e+00 +2.674397e+00 +2.655702e+00 +2.678947e+00 +2.659704e+00 +2.667228e+00 +2.660168e+00 +2.645212e+00 +2.673531e+00 +2.673586e+00 +2.667318e+00 +2.661381e+00 +2.656749e+00 +2.638639e+00 +2.652765e+00 +2.668347e+00 +2.676799e+00 +2.684879e+00 +2.683735e+00 +2.667340e+00 +2.682703e+00 
+inf +3.003452e+00 +2.285962e+00 +2.215904e+00 +2.345785e+00 +2.501849e+00 +2.647365e+00 +2.653986e+00 +2.645208e+00 +2.737160e+00 +2.627602e+00 +2.639702e+00 +2.610604e+00 +2.561151e+00 +2.563696e+00 +2.612648e+00 +2.647081e+00 +2.672378e+00 +2.671680e+00 +2.699690e+00 +2.711464e+00 +2.741964e+00 +2.765739e+00 +2.777962e+00 +2.733268e+00 +2.706746e+00 +2.718544e+00 +2.742900e+00 +2.742465e+00 +2.744417e+00 +2.733791e+00 +2.743590e+00 +2.728240e+00 +2.714003e+00 +2.725972e+00 +2.727626e+00 +2.717708e+00 +2.712876e+00 +2.712076e+00 +2.706122e+00 
+inf +3.089539e+00 +2.772053e+00 +2.818833e+00 +2.791332e+00 +2.733614e+00 +2.870974e+00 +2.840387e+00 +2.909458e+00 +2.950000e+00 +2.956372e+00 +2.947947e+00 +2.978290e+00 +2.979363e+00 +2.926593e+00 +2.844722e+00 +2.844441e+00 +2.875308e+00 +2.854234e+00 +2.836607e+00 +2.835210e+00 +2.835592e+00 +2.823207e+00 +2.813104e+00 +2.816606e+00 +2.789736e+00 +2.791485e+00 +2.806200e+00 +2.808208e+00 +2.825697e+00 +2.835703e+00 +2.851753e+00 +2.849914e+00 +2.864199e+00 +2.872707e+00 +2.894662e+00 +2.911573e+00 +2.916150e+00 +2.917225e+00 +2.905972e+00 
+inf +2.620430e+00 +2.824445e+00 +2.651240e+00 +2.852446e+00 +2.888848e+00 +2.753640e+00 +2.738837e+00 +2.686453e+00 +2.631087e+00 +2.739659e+00 +2.807766e+00 +2.855483e+00 +2.909818e+00 +2.914467e+00 +2.933256e+00 +2.880119e+00 +2.927358e+00 +2.909402e+00 +2.915687e+00 +2.929568e+00 +2.950529e+00 +2.980714e+00 +2.983504e+00 +2.951767e+00 +2.956742e+00 +2.960329e+00 +2.963560e+00 +2.946510e+00 +2.940868e+00 +2.938004e+00 +2.944361e+00 +2.935721e+00 +2.961257e+00 +2.933196e+00 +2.929302e+00 +2.920597e+00 +2.927502e+00 +2.944064e+00 +2.954006e+00 
+inf +3.461039e+00 +3.280203e+00 +2.921705e+00 +3.033420e+00 +3.100545e+00 +2.995094e+00 +3.020569e+00 +2.995426e+00 +2.946357e+00 +2.970864e+00 +2.956391e+00 +3.024189e+00 +3.013630e+00 +3.003608e+00 +2.999088e+00 +3.020861e+00 +3.060836e+00 +3.047506e+00 +3.061489e+00 +3.084972e+00 +3.047498e+00 +3.047141e+00 +3.054281e+00 +3.051375e+00 +3.081877e+00 +3.070373e+00 +3.095424e+00 +3.091682e+00 +3.101624e+00 +3.084335e+00 +3.109027e+00 +3.142702e+00 +3.151486e+00 +3.160721e+00 +3.137968e+00 +3.133102e+00 +3.111962e+00 +3.124020e+00 +3.134172e+00 
+inf +3.998525e+00 +3.720069e+00 +3.527426e+00 +3.412952e+00 +3.389692e+00 +3.470209e+00 +3.410764e+00 +3.436399e+00 +3.469741e+00 +3.517822e+00 +3.428875e+00 +3.270151e+00 +3.269306e+00 +3.305502e+00 +3.315922e+00 +3.298976e+00 +3.238447e+00 +3.254282e+00 +3.312460e+00 +3.322924e+00 +3.319544e+00 +3.295263e+00 +3.329207e+00 +3.339794e+00 +3.358275e+00 +3.345828e+00 +3.317538e+00 +3.293791e+00 +3.262347e+00 +3.284083e+00 +3.290008e+00 +3.293563e+00 +3.304518e+00 +3.310419e+00 +3.325316e+00 +3.338805e+00 +3.328414e+00 +3.358251e+00 +3.361080e+00 
+inf +2.967572e+00 +2.716012e+00 +3.068433e+00 +3.352703e+00 +3.504022e+00 +3.631646e+00 +3.620045e+00 +3.613314e+00 +3.667561e+00 +3.596008e+00 +3.498810e+00 +3.508785e+00 +3.483141e+00 +3.469201e+00 +3.510625e+00 +3.519524e+00 +3.546451e+00 +3.545892e+00 +3.502062e+00 +3.486472e+00 +3.454390e+00 +3.445127e+00 +3.459842e+00 +3.462883e+00 +3.474669e+00 +3.464748e+00 +3.435422e+00 +3.432898e+00 +3.426344e+00 +3.443501e+00 +3.453719e+00 +3.425270e+00 +3.440458e+00 +3.423738e+00 +3.419453e+00 +3.413375e+00 +3.417408e+00 +3.431180e+00 +3.440534e+00 
+inf +4.050831e+00 +3.610350e+00 +3.400553e+00 +3.489825e+00 +3.440764e+00 +3.475326e+00 +3.381072e+00 +3.457164e+00 +3.475667e+00 +3.438682e+00 +3.459366e+00 +3.478481e+00 +3.528507e+00 +3.450940e+00 +3.392070e+00 +3.368449e+00 +3.391867e+00 +3.442487e+00 +3.460422e+00 +3.483134e+00 +3.465751e+00 +3.501475e+00 +3.488578e+00 +3.493304e+00 +3.457987e+00 +3.465312e+00 +3.468321e+00 +3.480132e+00 +3.480545e+00 +3.490999e+00 +3.502944e+00 +3.508677e+00 +3.498229e+00 +3.510307e+00 +3.517825e+00 +3.518684e+00 +3.487321e+00 +3.492212e+00 +3.480689e+00 
+inf +5.543307e+00 +4.204153e+00 +3.604625e+00 +3.503469e+00 +3.256925e+00 +3.126994e+00 +3.235033e+00 +3.186203e+00 +3.261846e+00 +3.300107e+00 +3.356235e+00 +3.390753e+00 +3.353048e+00 +3.299144e+00 +3.316827e+00 +3.365477e+00 +3.370808e+00 +3.389596e+00 +3.388700e+00 +3.377330e+00 +3.405959e+00 +3.413239e+00 +3.466657e+00 +3.453177e+00 +3.426243e+00 +3.438938e+00 +3.433870e+00 +3.463933e+00 +3.442537e+00 +3.454394e+00 +3.454153e+00 +3.460589e+00 +3.441729e+00 +3.437540e+00 +3.420158e+00 +3.394481e+00 +3.406418e+00 +3.381682e+00 +3.375390e+00 
+inf +3.491416e+00 +2.774927e+00 +2.889162e+00 +3.052940e+00 +3.181041e+00 +3.251095e+00 +3.304927e+00 +3.272727e+00 +3.309926e+00 +3.274841e+00 +3.290561e+00 +3.338630e+00 +3.334516e+00 +3.450223e+00 +3.475278e+00 +3.452833e+00 +3.458994e+00 +3.481217e+00 +3.512343e+00 +3.536056e+00 +3.515056e+00 +3.516074e+00 +3.533627e+00 +3.541292e+00 +3.573822e+00 +3.565660e+00 +3.567693e+00 +3.587004e+00 +3.595294e+00 +3.619601e+00 +3.633185e+00 +3.623757e+00 +3.571670e+00 +3.587962e+00 +3.604879e+00 +3.590145e+00 +3.588535e+00 +3.577975e+00 +3.579100e+00 
+inf +3.513824e+00 +3.621659e+00 +3.348015e+00 +3.726771e+00 +3.865096e+00 +3.973164e+00 +3.912380e+00 +3.916211e+00 +3.922675e+00 +3.860039e+00 +3.841565e+00 +3.777562e+00 +3.670278e+00 +3.688726e+00 +3.715211e+00 +3.742561e+00 +3.767698e+00 +3.781175e+00 +3.811494e+00 +3.829367e+00 +3.807045e+00 +3.806259e+00 +3.799678e+00 +3.787874e+00 +3.796430e+00 +3.786577e+00 +3.774453e+00 +3.791240e+00 +3.796780e+00 +3.769087e+00 +3.739018e+00 +3.743593e+00 +3.712054e+00 +3.714122e+00 +3.713830e+00 +3.720565e+00 +3.728308e+00 +3.727405e+00 +3.691108e+00 
+inf +4.123213e+00 +3.519197e+00 +3.567374e+00 +3.740311e+00 +3.874124e+00 +3.978227e+00 +3.927543e+00 +3.964111e+00 +3.958981e+00 +3.948940e+00 +3.760982e+00 +3.678423e+00 +3.690872e+00 +3.693074e+00 +3.721227e+00 +3.727450e+00 +3.714986e+00 +3.736932e+00 +3.762677e+00 +3.740491e+00 +3.755808e+00 +3.801723e+00 +3.836209e+00 +3.805631e+00 +3.782687e+00 +3.814514e+00 +3.838455e+00 +3.847204e+00 +3.863212e+00 +3.880932e+00 +3.887961e+00 +3.884763e+00 +3.901533e+00 +3.889925e+00 +3.893736e+00 +3.905820e+00 +3.914711e+00 +3.939433e+00 +3.953619e+00 
+inf +4.955499e+00 +3.994845e+00 +3.832674e+00 +3.921093e+00 +3.958611e+00 +3.940372e+00 +4.062086e+00 +3.834343e+00 +3.888670e+00 +3.849224e+00 +3.894368e+00 +3.942011e+00 +3.891948e+00 +3.904869e+00 +3.871124e+00 +3.914030e+00 +3.950517e+00 +3.949917e+00 +3.885025e+00 +3.826642e+00 +3.815165e+00 +3.801263e+00 +3.821565e+00 +3.815878e+00 +3.795313e+00 +3.829246e+00 +3.815485e+00 +3.834658e+00 +3.842402e+00 +3.823953e+00 +3.834737e+00 +3.845708e+00 +3.856047e+00 +3.830952e+00 +3.860369e+00 +3.852806e+00 +3.862404e+00 +3.864770e+00 +3.857352e+00 
+inf +5.076156e+00 +4.513226e+00 +4.183345e+00 +3.786631e+00 +3.740857e+00 +3.847715e+00 +3.868220e+00 +3.762250e+00 +3.827615e+00 +3.922425e+00 +3.936635e+00 +3.934584e+00 +3.999124e+00 +4.048681e+00 +4.042912e+00 +4.042875e+00 +4.034092e+00 +3.983713e+00 +3.938543e+00 +3.898477e+00 +3.949272e+00 +3.979483e+00 +4.018434e+00 +4.055244e+00 +4.050386e+00 +4.062453e+00 +4.035093e+00 +4.014303e+00 +4.056232e+00 +4.027837e+00 +4.049245e+00 +4.052419e+00 +4.040971e+00 +4.029622e+00 +3.972532e+00 +3.996001e+00 +3.996031e+00 +4.015448e+00 +3.995475e+00 
+inf +5.682676e+00 +4.459480e+00 +4.558205e+00 +4.586990e+00 +4.333878e+00 +4.425593e+00 +4.466624e+00 +4.421297e+00 +4.481853e+00 +4.539811e+00 +4.603930e+00 +4.538682e+00 +4.510847e+00 +4.466767e+00 +4.448094e+00 +4.479365e+00 +4.463667e+00 +4.468458e+00 +4.442788e+00 +4.435438e+00 +4.398392e+00 +4.410042e+00 +4.419111e+00 +4.420973e+00 +4.403269e+00 +4.440963e+00 +4.440533e+00 +4.408520e+00 +4.384068e+00 +4.362677e+00 +4.371423e+00 +4.378808e+00 +4.403758e+00 +4.400077e+00 +4.342793e+00 +4.325254e+00 +4.270150e+00 +4.270580e+00 +4.253274e+00 
+inf +5.441201e+00 +4.950474e+00 +5.349036e+00 +4.464266e+00 +4.100109e+00 +3.962166e+00 +4.122253e+00 +4.192078e+00 +4.198243e+00 +4.246761e+00 +4.236056e+00 +4.327101e+00 +4.312997e+00 +4.340859e+00 +4.174859e+00 +4.122279e+00 +4.100670e+00 +4.119324e+00 +4.105513e+00 +4.153128e+00 +4.201701e+00 +4.167091e+00 +4.159599e+00 +4.190381e+00 +4.140167e+00 +4.173675e+00 +4.169761e+00 +4.151698e+00 +4.123972e+00 +4.129892e+00 +4.096495e+00 +4.089145e+00 +4.079208e+00 +4.088518e+00 +4.094578e+00 +4.085457e+00 +4.097021e+00 +4.099723e+00 +4.099331e+00 
+inf +4.735219e+00 +4.103771e+00 +3.874995e+00 +4.134157e+00 +3.983565e+00 +4.139405e+00 +4.199074e+00 +4.135561e+00 +4.082539e+00 +4.117588e+00 +4.016632e+00 +4.070151e+00 +4.074556e+00 +4.000179e+00 +4.003365e+00 +4.027075e+00 +4.001917e+00 +4.050945e+00 +4.057471e+00 +4.062583e+00 +4.078184e+00 +4.073357e+00 +4.051482e+00 +4.035071e+00 +4.036719e+00 +4.048527e+00 +4.083571e+00 +4.118245e+00 +4.139916e+00 +4.116110e+00 +4.115309e+00 +4.118988e+00 +4.168443e+00 +4.172478e+00 +4.140766e+00 +4.171192e+00 +4.185865e+00 +4.177166e+00 +4.175507e+00 
+inf +4.902044e+00 +4.572302e+00 +4.695316e+00 +4.667749e+00 +4.647634e+00 +4.871995e+00 +4.923477e+00 +5.026332e+00 +5.052919e+00 +4.950053e+00 +4.894680e+00 +4.857479e+00 +4.728943e+00 +4.643523e+00 +4.665585e+00 +4.527045e+00 +4.500622e+00 +4.555242e+00 +4.583343e+00 +4.572857e+00 +4.561485e+00 +4.487724e+00 +4.472315e+00 +4.481396e+00 +4.503324e+00 +4.475250e+00 +4.462104e+00 +4.494429e+00 +4.486059e+00 +4.502061e+00 +4.469890e+00 +4.444119e+00 +4.404522e+00 +4.433786e+00 +4.427215e+00 +4.413205e+00 +4.390577e+00 +4.394284e+00 +4.388780e+00 
+inf +5.263993e+00 +5.298253e+00 +4.775705e+00 +4.380687e+00 +4.487489e+00 +4.410322e+00 +4.586509e+00 +4.592210e+00 +4.643138e+00 +4.566830e+00 +4.617068e+00 +4.673774e+00 +4.705528e+00 +4.643600e+00 +4.628465e+00 +4.583929e+00 +4.599422e+00 +4.621930e+00 +4.658436e+00 +4.616812e+00 +4.481747e+00 +4.469278e+00 +4.506957e+00 +4.484730e+00 +4.474367e+00 +4.442183e+00 +4.393759e+00 +4.401503e+00 +4.437486e+00 +4.446209e+00 +4.454655e+00 +4.428436e+00 +4.369512e+00 +4.356498e+00 +4.394520e+00 +4.418913e+00 +4.438104e+00 +4.421857e+00 +4.422601e+00 
+inf +5.281348e+00 +4.680306e+00 +4.740653e+00 +4.376345e+00 +4.267186e+00 +4.149382e+00 +4.084852e+00 +4.115385e+00 +4.197000e+00 +4.145798e+00 +4.235657e+00 +4.172120e+00 +4.256094e+00 +4.249327e+00 +4.347706e+00 +4.368372e+00 +4.382037e+00 +4.402061e+00 +4.432991e+00 +4.407971e+00 +4.422494e+00 +4.484130e+00 +4.555043e+00 +4.547425e+00 +4.535594e+00 +4.539122e+00 +4.564705e+00 +4.593641e+00 +4.570109e+00 +4.529056e+00 +4.536920e+00 +4.573321e+00 +4.546147e+00 +4.547457e+00 +4.580928e+00 +4.578726e+00 +4.581616e+00 +4.590263e+00 +4.581509e+00 
+inf +6.677002e+00 +6.045828e+00 +5.466703e+00 +5.077686e+00 +4.584439e+00 +4.598710e+00 +4.394793e+00 +4.410913e+00 +4.539116e+00 +4.507786e+00 +4.389094e+00 +4.166120e+00 +4.166913e+00 +4.207014e+00 +4.254553e+00 +4.322360e+00 +4.396631e+00 +4.380054e+00 +4.474415e+00 +4.494975e+00 +4.487534e+00 +4.516197e+00 +4.536626e+00 +4.572533e+00 +4.569287e+00 +4.555274e+00 +4.550746e+00 +4.514349e+00 +4.522190e+00 +4.538543e+00 +4.543698e+00 +4.540815e+00 +4.517118e+00 +4.491613e+00 +4.496609e+00 +4.454698e+00 +4.457967e+00 +4.448548e+00 +4.469670e+00 
+inf +5.046119e+00 +4.921305e+00 +5.143903e+00 +4.869763e+00 +4.920042e+00 +4.917322e+00 +4.766401e+00 +4.903188e+00 +4.894027e+00 +4.884814e+00 +4.926761e+00 +4.874635e+00 +4.865476e+00 +4.937626e+00 +4.964181e+00 +4.971555e+00 +4.983967e+00 +4.993547e+00 +5.027165e+00 +4.983708e+00 +5.008025e+00 +4.973614e+00 +4.979389e+00 +4.880895e+00 +4.840687e+00 +4.835869e+00 +4.854105e+00 +4.834143e+00 +4.850441e+00 +4.879419e+00 +4.846493e+00 +4.814271e+00 +4.835899e+00 +4.838562e+00 +4.827151e+00 +4.857299e+00 +4.857633e+00 +4.815902e+00 +4.800532e+00 
+inf +7.130231e+00 +5.775457e+00 +5.725636e+00 +5.586281e+00 +5.347409e+00 +5.142876e+00 +4.991813e+00 +4.971257e+00 +4.812315e+00 +4.684249e+00 +4.693576e+00 +4.614093e+00 +4.577120e+00 +4.603706e+00 +4.657094e+00 +4.671004e+00 +4.692528e+00 +4.802242e+00 +4.786513e+00 +4.750372e+00 +4.713598e+00 +4.746359e+00 +4.699379e+00 +4.705352e+00 +4.755314e+00 +4.747344e+00 +4.772746e+00 +4.803656e+00 +4.795340e+00 +4.781689e+00 +4.790551e+00 +4.799034e+00 +4.801811e+00 +4.802202e+00 +4.807892e+00 +4.828257e+00 +4.794395e+00 +4.771154e+00 +4.767434e+00 
+inf +6.218659e+00 +5.414753e+00 +5.303447e+00 +5.453276e+00 +5.593135e+00 +5.576806e+00 +5.733342e+00 +5.687198e+00 +5.581549e+00 +5.397079e+00 +5.517863e+00 +5.446756e+00 +5.378279e+00 +5.460865e+00 +5.534861e+00 +5.464588e+00 +5.470225e+00 +5.369173e+00 +5.329210e+00 +5.378115e+00 +5.387078e+00 +5.347476e+00 +5.368312e+00 +5.368091e+00 +5.380568e+00 +5.424560e+00 +5.398221e+00 +5.321791e+00 +5.340301e+00 +5.269240e+00 +5.234375e+00 +5.238349e+00 +5.195539e+00 +5.200142e+00 +5.213910e+00 +5.182128e+00 +5.190674e+00 +5.202867e+00 +5.185431e+00 
+inf +7.032160e+00 +5.851175e+00 +5.590562e+00 +5.425088e+00 +5.485928e+00 +5.003498e+00 +5.038756e+00 +5.025576e+00 +5.014562e+00 +4.968132e+00 +5.068598e+00 +5.074852e+00 +5.077494e+00 +5.048842e+00 +5.085359e+00 +5.023717e+00 +5.000694e+00 +4.974109e+00 +4.982738e+00 +4.961304e+00 +4.979129e+00 +5.009871e+00 +5.029683e+00 +5.081937e+00 +5.118510e+00 +5.097188e+00 +5.090381e+00 +5.081425e+00 +5.065386e+00 +5.032241e+00 +5.039465e+00 +4.979512e+00 +5.009925e+00 +5.042277e+00 +5.069059e+00 +5.091259e+00 +5.105849e+00 +5.103528e+00 +5.092109e+00 
+inf +6.470084e+00 +5.759417e+00 +5.316001e+00 +5.642165e+00 +5.282431e+00 +5.339136e+00 +5.228861e+00 +5.288400e+00 +5.403272e+00 +5.480381e+00 +5.476049e+00 +5.496987e+00 +5.318161e+00 +5.183666e+00 +5.155375e+00 +5.089387e+00 +5.031502e+00 +5.065834e+00 +5.084975e+00 +5.063930e+00 +5.030092e+00 +5.089010e+00 +5.112465e+00 +5.103716e+00 +5.150834e+00 +5.133483e+00 +5.098985e+00 +5.142269e+00 +5.144528e+00 +5.166705e+00 +5.162815e+00 +5.170334e+00 +5.144152e+00 +5.149439e+00 +5.093189e+00 +5.092955e+00 +5.083368e+00 +5.086038e+00 +5.035282e+00 
+inf +5.465868e+00 +4.525728e+00 +4.843165e+00 +5.132715e+00 +5.052428e+00 +4.950420e+00 +5.105499e+00 +5.046707e+00 +5.171335e+00 +5.281846e+00 +5.456280e+00 +5.420187e+00 +5.355764e+00 +5.321086e+00 +5.351545e+00 +5.376757e+00 +5.372304e+00 +5.321425e+00 +5.235778e+00 +5.301503e+00 +5.317671e+00 +5.291740e+00 +5.301277e+00 +5.216672e+00 +5.189625e+00 +5.175291e+00 +5.131638e+00 +5.093391e+00 +5.135188e+00 +5.182534e+00 +5.188604e+00 +5.167078e+00 +5.187352e+00 +5.121481e+00 +5.076429e+00 +5.080365e+00 +5.069668e+00 +5.098002e+00 +5.078301e+00 
+inf +4.358768e+00 +4.552573e+00 +5.059336e+00 +4.889582e+00 +4.943336e+00 +4.836852e+00 +4.835355e+00 +4.815687e+00 +4.829802e+00 +4.968624e+00 +5.023984e+00 +5.076398e+00 +5.131361e+00 +5.230593e+00 +5.281732e+00 +5.263663e+00 +5.283329e+00 +5.279655e+00 +5.348885e+00 +5.285854e+00 +5.324272e+00 +5.291331e+00 +5.343345e+00 +5.357520e+00 +5.343947e+00 +5.269615e+00 +5.334597e+00 +5.367802e+00 +5.415868e+00 +5.416683e+00 +5.424482e+00 +5.440168e+00 +5.445201e+00 +5.466024e+00 +5.501645e+00 +5.510837e+00 +5.479226e+00 +5.471175e+00 +5.462044e+00 
+inf +6.410542e+00 +6.167632e+00 +5.948023e+00 +5.954370e+00 +5.563212e+00 +5.597294e+00 +5.607945e+00 +5.427660e+00 +5.472608e+00 +5.536348e+00 +5.574975e+00 +5.537132e+00 +5.487181e+00 +5.584775e+00 +5.610659e+00 +5.568096e+00 +5.617592e+00 +5.660036e+00 +5.681817e+00 +5.730803e+00 +5.730559e+00 +5.706585e+00 +5.739131e+00 +5.692708e+00 +5.754413e+00 +5.653475e+00 +5.638005e+00 +5.662879e+00 +5.646093e+00 +5.622014e+00 +5.665869e+00 +5.665266e+00 +5.614910e+00 +5.614744e+00 +5.661211e+00 +5.672348e+00 +5.630792e+00 +5.645732e+00 +5.648258e+00 
+inf +8.562362e+00 +6.997117e+00 +6.240272e+00 +6.011732e+00 +5.522249e+00 +5.684792e+00 +5.686198e+00 +5.574245e+00 +5.483335e+00 +5.495314e+00 +5.236003e+00 +5.121168e+00 +5.169770e+00 +5.088276e+00 +5.064220e+00 +5.063848e+00 +5.102862e+00 +5.173081e+00 +5.195876e+00 +5.223667e+00 +5.271197e+00 +5.334337e+00 +5.332006e+00 +5.351550e+00 +5.370621e+00 +5.399590e+00 +5.431521e+00 +5.472265e+00 +5.459920e+00 +5.433369e+00 +5.410609e+00 +5.387298e+00 +5.385749e+00 +5.380404e+00 +5.402348e+00 +5.418875e+00 +5.430318e+00 +5.394304e+00 +5.364788e+00 
+inf +8.937075e+00 +6.310159e+00 +6.199880e+00 +5.872045e+00 +5.895717e+00 +6.151366e+00 +5.808913e+00 +5.925608e+00 +5.823209e+00 +5.900289e+00 +5.863845e+00 +5.923637e+00 +5.864153e+00 +5.867450e+00 +5.805718e+00 +5.688507e+00 +5.628822e+00 +5.693558e+00 +5.736923e+00 +5.813672e+00 +5.782219e+00 +5.819999e+00 +5.813842e+00 +5.797122e+00 +5.691161e+00 +5.667463e+00 +5.734704e+00 +5.725587e+00 +5.722736e+00 +5.734333e+00 +5.733967e+00 +5.761637e+00 +5.775744e+00 +5.789121e+00 +5.812727e+00 +5.796860e+00 +5.756779e+00 +5.778036e+00 +5.804674e+00 
+inf +7.489324e+00 +7.419259e+00 +6.122462e+00 +6.113273e+00 +6.060727e+00 +5.910530e+00 +5.914746e+00 +5.845004e+00 +5.840245e+00 +5.799900e+00 +5.826795e+00 +5.712957e+00 +5.603582e+00 +5.610152e+00 +5.647132e+00 +5.632399e+00 +5.640802e+00 +5.648740e+00 +5.661805e+00 +5.654014e+00 +5.709406e+00 +5.778726e+00 +5.769323e+00 +5.806394e+00 +5.827243e+00 +5.780110e+00 +5.833237e+00 +5.840221e+00 +5.834716e+00 +5.705761e+00 +5.696524e+00 +5.725413e+00 +5.741586e+00 +5.756197e+00 +5.762262e+00 +5.737581e+00 +5.768790e+00 +5.798119e+00 +5.808728e+00 
+inf +5.141441e+00 +5.596905e+00 +5.933415e+00 +6.487688e+00 +6.085859e+00 +6.252636e+00 +6.195960e+00 +5.861744e+00 +5.892104e+00 +6.026461e+00 +6.051201e+00 +6.111935e+00 +6.053608e+00 +5.812984e+00 +5.798606e+00 +5.860662e+00 +5.802716e+00 +5.851142e+00 +5.832191e+00 +5.862845e+00 +5.880458e+00 +5.912268e+00 +5.901891e+00 +5.909201e+00 +5.963795e+00 +5.961455e+00 +5.902146e+00 +5.851708e+00 +5.854144e+00 +5.859610e+00 +5.827967e+00 +5.855614e+00 +5.832343e+00 +5.857517e+00 +5.859507e+00 +5.848283e+00 +5.856222e+00 +5.884219e+00 +5.887429e+00 
+inf +8.859288e+00 +8.861305e+00 +7.177370e+00 +6.805857e+00 +6.533731e+00 +6.038397e+00 +6.190344e+00 +6.217192e+00 +6.204841e+00 +6.445169e+00 +6.586812e+00 +6.659752e+00 +6.571758e+00 +6.529697e+00 +6.611294e+00 +6.565584e+00 +6.480041e+00 +6.430494e+00 +6.497481e+00 +6.441299e+00 +6.434740e+00 +6.514230e+00 +6.435879e+00 +6.464961e+00 +6.544730e+00 +6.486497e+00 +6.405679e+00 +6.379003e+00 +6.341127e+00 +6.331149e+00 +6.369578e+00 +6.408619e+00 +6.391886e+00 +6.367823e+00 +6.396944e+00 +6.414827e+00 +6.423301e+00 +6.393814e+00 +6.385420e+00 
+inf +1.044302e+01 +8.696242e+00 +7.045621e+00 +6.417128e+00 +6.525529e+00 +6.401450e+00 +6.495857e+00 +6.204003e+00 +6.314365e+00 +6.257260e+00 +6.102991e+00 +5.863173e+00 +5.992086e+00 +6.138155e+00 +6.155135e+00 +6.096293e+00 +5.975380e+00 +5.955721e+00 +5.978466e+00 +6.009837e+00 +6.043968e+00 +5.966862e+00 +5.898647e+00 +5.665471e+00 +5.714856e+00 +5.734556e+00 +5.818963e+00 +5.898717e+00 +5.900931e+00 +5.936597e+00 +5.965537e+00 +5.950833e+00 +5.988931e+00 +5.983557e+00 +5.968977e+00 +6.028311e+00 +6.029943e+00 +6.026156e+00 +5.984264e+00 
+inf +9.106340e+00 +8.620704e+00 +7.474965e+00 +6.956510e+00 +6.919852e+00 +6.666413e+00 +6.693601e+00 +6.398684e+00 +6.553134e+00 +6.502916e+00 +6.310784e+00 +6.295509e+00 +6.250767e+00 +6.268648e+00 +6.322123e+00 +6.313097e+00 +6.310836e+00 +6.337079e+00 +6.290235e+00 +6.282816e+00 +6.260005e+00 +6.186217e+00 +6.189710e+00 +6.155433e+00 +6.226096e+00 +6.230505e+00 +6.287160e+00 +6.324328e+00 +6.350391e+00 +6.380052e+00 +6.346396e+00 +6.255860e+00 +6.270411e+00 +6.255920e+00 +6.217380e+00 +6.261277e+00 +6.240535e+00 +6.211450e+00 +6.243500e+00 
+inf +8.681197e+00 +7.166426e+00 +6.712396e+00 +6.700102e+00 +6.938854e+00 +6.413805e+00 +6.201650e+00 +6.196427e+00 +6.144418e+00 +6.153066e+00 +6.044763e+00 +6.232784e+00 +6.332809e+00 +6.346634e+00 +6.431164e+00 +6.420195e+00 +6.453765e+00 +6.376542e+00 +6.395728e+00 +6.406683e+00 +6.340352e+00 +6.357962e+00 +6.400875e+00 +6.424020e+00 +6.428829e+00 +6.494942e+00 +6.454372e+00 +6.471428e+00 +6.532537e+00 +6.532309e+00 +6.514285e+00 +6.466158e+00 +6.528611e+00 +6.493731e+00 +6.512528e+00 +6.527243e+00 +6.469593e+00 +6.425887e+00 +6.369304e+00 
+inf +9.107873e+00 +6.401431e+00 +6.030695e+00 +5.792169e+00 +5.983028e+00 +6.203172e+00 +6.397476e+00 +6.254748e+00 +6.111375e+00 +6.242239e+00 +6.288802e+00 +6.476234e+00 +6.466668e+00 +6.516403e+00 +6.474478e+00 +6.497668e+00 +6.587213e+00 +6.618822e+00 +6.586363e+00 +6.495963e+00 +6.524021e+00 +6.407653e+00 +6.386592e+00 +6.442768e+00 +6.466637e+00 +6.523906e+00 +6.554823e+00 +6.580418e+00 +6.612251e+00 +6.607924e+00 +6.615526e+00 +6.569949e+00 +6.518623e+00 +6.510990e+00 +6.530115e+00 +6.530680e+00 +6.526179e+00 +6.543375e+00 +6.548952e+00 
+inf +7.542239e+00 +5.927853e+00 +6.018672e+00 +6.430235e+00 +6.618271e+00 +6.369152e+00 +5.902745e+00 +5.846705e+00 +5.860707e+00 +5.892045e+00 +5.594855e+00 +5.677964e+00 +5.863258e+00 +5.975423e+00 +6.048316e+00 +6.155064e+00 +6.141971e+00 +6.188804e+00 +6.241205e+00 +6.265166e+00 +6.328969e+00 +6.350562e+00 +6.238742e+00 +6.308805e+00 +6.389533e+00 +6.429271e+00 +6.397025e+00 +6.410752e+00 +6.383145e+00 +6.378470e+00 +6.377481e+00 +6.377140e+00 +6.383249e+00 +6.417290e+00 +6.443862e+00 +6.486128e+00 +6.487703e+00 +6.420923e+00 +6.439342e+00 
+inf +6.960399e+00 +5.959457e+00 +6.177505e+00 +5.988763e+00 +6.005820e+00 +6.186092e+00 +6.154227e+00 +6.123553e+00 +6.255674e+00 +6.439468e+00 +6.366821e+00 +6.218601e+00 +6.320821e+00 +6.327317e+00 +6.295041e+00 +6.244982e+00 +6.144736e+00 +6.178487e+00 +6.188078e+00 +6.217680e+00 +6.217630e+00 +6.146423e+00 +6.180277e+00 +6.145377e+00 +6.214251e+00 +6.224492e+00 +6.228327e+00 +6.217886e+00 +6.190541e+00 +6.154534e+00 +6.139412e+00 +6.119413e+00 +6.075663e+00 +6.083894e+00 +6.080597e+00 +6.062022e+00 +6.033880e+00 +5.992495e+00 +6.021759e+00 
+inf +8.807148e+00 +8.873735e+00 +8.376535e+00 +8.015027e+00 +8.030642e+00 +7.345160e+00 +7.208133e+00 +6.943797e+00 +6.606250e+00 +6.657618e+00 +6.675214e+00 +6.534393e+00 +6.592919e+00 +6.664899e+00 +6.476163e+00 +6.411941e+00 +6.360324e+00 +6.367040e+00 +6.383189e+00 +6.299658e+00 +6.343066e+00 +6.421508e+00 +6.422182e+00 +6.401949e+00 +6.324598e+00 +6.391847e+00 +6.403784e+00 +6.374329e+00 +6.412696e+00 +6.456746e+00 +6.464764e+00 +6.482965e+00 +6.489122e+00 +6.478309e+00 +6.550855e+00 +6.519013e+00 +6.472172e+00 +6.418161e+00 +6.409185e+00 
+inf +8.889701e+00 +8.211535e+00 +7.509812e+00 +6.738084e+00 +6.565079e+00 +6.751770e+00 +6.743179e+00 +6.753720e+00 +6.776787e+00 +6.969269e+00 +6.857957e+00 +6.968087e+00 +6.984621e+00 +7.009463e+00 +7.091388e+00 +7.092648e+00 +6.860878e+00 +6.793168e+00 +6.777385e+00 +6.784999e+00 +6.753064e+00 +6.646876e+00 +6.633847e+00 +6.514967e+00 +6.531798e+00 +6.564715e+00 +6.530759e+00 +6.564819e+00 +6.662717e+00 +6.715672e+00 +6.700325e+00 +6.633104e+00 +6.613727e+00 +6.669937e+00 +6.684606e+00 +6.697566e+00 +6.716457e+00 +6.704471e+00 +6.638096e+00 
+inf +7.468990e+00 +7.597983e+00 +7.088179e+00 +7.356092e+00 +7.471857e+00 +7.611511e+00 +7.663284e+00 +7.371837e+00 +7.408423e+00 +7.404336e+00 +7.136730e+00 +6.966067e+00 +7.049531e+00 +6.911885e+00 +7.019720e+00 +7.051114e+00 +7.063599e+00 +7.089289e+00 +7.026017e+00 +7.130011e+00 +7.091295e+00 +7.043212e+00 +6.948728e+00 +6.869266e+00 +6.778659e+00 +6.700238e+00 +6.746476e+00 +6.844407e+00 +6.864188e+00 +6.934019e+00 +6.900599e+00 +6.893885e+00 +6.869983e+00 +6.808830e+00 +6.779623e+00 +6.774474e+00 +6.758377e+00 +6.729031e+00 +6.729037e+00 
+inf +7.406072e+00 +7.434662e+00 +7.149613e+00 +6.766700e+00 +6.712796e+00 +6.589457e+00 +6.578820e+00 +6.800614e+00 +6.789191e+00 +6.881713e+00 +6.939676e+00 +6.957861e+00 +6.994078e+00 +7.036470e+00 +7.086824e+00 +7.069715e+00 +6.927765e+00 +6.699319e+00 +6.688683e+00 +6.667026e+00 +6.651191e+00 +6.713715e+00 +6.696665e+00 +6.724874e+00 +6.741428e+00 +6.701912e+00 +6.682382e+00 +6.709758e+00 +6.761050e+00 +6.777452e+00 +6.694490e+00 +6.666285e+00 +6.735466e+00 +6.745924e+00 +6.732640e+00 +6.774258e+00 +6.770725e+00 +6.751622e+00 +6.726544e+00 
+inf +6.679456e+00 +6.929540e+00 +6.915139e+00 +7.008434e+00 +7.508358e+00 +7.716898e+00 +7.524528e+00 +7.545911e+00 +7.455502e+00 +6.940139e+00 +6.959074e+00 +7.007171e+00 +7.168818e+00 +7.093868e+00 +7.068409e+00 +7.158291e+00 +7.116281e+00 +7.113553e+00 +7.109751e+00 +7.091140e+00 +7.146914e+00 +7.116465e+00 +6.944765e+00 +6.948421e+00 +7.031364e+00 +6.929689e+00 +7.036264e+00 +7.011841e+00 +7.067514e+00 +7.128928e+00 +7.141602e+00 +7.226644e+00 +7.291124e+00 +7.325349e+00 +7.269571e+00 +7.222048e+00 +7.205605e+00 +7.266389e+00 +7.284158e+00 
+inf +1.052930e+01 +7.878931e+00 +7.382309e+00 +7.123691e+00 +7.506483e+00 +7.412310e+00 +7.745817e+00 +7.782639e+00 +7.828971e+00 +7.874569e+00 +7.710621e+00 +7.840130e+00 +7.809823e+00 +7.766320e+00 +7.860763e+00 +7.823634e+00 +7.644757e+00 +7.670036e+00 +7.727614e+00 +7.779557e+00 +7.849341e+00 +7.873714e+00 +7.755946e+00 +7.688578e+00 +7.567239e+00 +7.513235e+00 +7.458088e+00 +7.456859e+00 +7.480377e+00 +7.498983e+00 +7.487873e+00 +7.542338e+00 +7.515112e+00 +7.509294e+00 +7.590933e+00 +7.652393e+00 +7.631419e+00 +7.666324e+00 +7.696369e+00 
+inf +5.928150e+00 +5.251132e+00 +5.864170e+00 +5.947084e+00 +5.957494e+00 +6.270056e+00 +6.330113e+00 +6.358229e+00 +6.447806e+00 +6.500656e+00 +6.701213e+00 +6.780622e+00 +6.859244e+00 +6.739476e+00 +6.753645e+00 +6.798464e+00 +6.791072e+00 +6.729541e+00 +6.690501e+00 +6.664739e+00 +6.500435e+00 +6.424779e+00 +6.493354e+00 +6.582069e+00 +6.588532e+00 +6.646231e+00 +6.698551e+00 +6.722410e+00 +6.794300e+00 +6.818920e+00 +6.786468e+00 +6.809486e+00 +6.740527e+00 +6.759422e+00 +6.763418e+00 +6.823231e+00 +6.908960e+00 +6.920391e+00 +6.919591e+00 
+inf +1.666085e+01 +9.603132e+00 +8.843242e+00 +8.111274e+00 +8.059902e+00 +8.371243e+00 +8.354897e+00 +8.250263e+00 +8.202483e+00 +8.170212e+00 +8.187735e+00 +8.212191e+00 +8.289466e+00 +8.092702e+00 +8.110621e+00 +8.095566e+00 +8.071358e+00 +8.099721e+00 +7.893705e+00 +7.929879e+00 +7.855419e+00 +7.829248e+00 +7.699525e+00 +7.690075e+00 +7.592266e+00 +7.659098e+00 +7.761804e+00 +7.727274e+00 +7.810954e+00 +7.842001e+00 +7.876588e+00 +7.930147e+00 +7.835466e+00 +7.796990e+00 +7.818038e+00 +7.867608e+00 +7.859656e+00 +7.833851e+00 +7.882514e+00 
+inf +1.642460e+01 +9.682593e+00 +7.390625e+00 +6.877808e+00 +7.263239e+00 +7.164952e+00 +7.178298e+00 +7.321596e+00 +7.387479e+00 +7.638070e+00 +7.635933e+00 +7.523280e+00 +7.295841e+00 +7.260535e+00 +7.292588e+00 +7.185967e+00 +7.184292e+00 +7.339880e+00 +7.340057e+00 +7.092697e+00 +7.028849e+00 +7.033840e+00 +7.137299e+00 +7.025572e+00 +7.051766e+00 +7.156061e+00 +7.249813e+00 +7.293215e+00 +7.269606e+00 +7.175427e+00 +7.150434e+00 +7.115798e+00 +7.180865e+00 +7.282841e+00 +7.256819e+00 +7.282979e+00 +7.335417e+00 +7.274604e+00 +7.288943e+00 
+inf +5.871630e+00 +6.052960e+00 +6.824058e+00 +6.671260e+00 +7.116743e+00 +7.494976e+00 +7.051747e+00 +7.020034e+00 +6.843329e+00 +7.113991e+00 +7.170456e+00 +6.946644e+00 +6.768982e+00 +6.696037e+00 +6.716851e+00 +6.840848e+00 +6.972936e+00 +7.077793e+00 +7.108840e+00 +6.966599e+00 +6.917210e+00 +6.913539e+00 +6.952742e+00 +7.062406e+00 +7.007866e+00 +6.942384e+00 +7.033045e+00 +7.090948e+00 +6.993843e+00 +6.966250e+00 +6.927001e+00 +6.994924e+00 +7.015583e+00 +7.083145e+00 +7.063281e+00 +7.057644e+00 +6.966411e+00 +6.995836e+00 +7.071421e+00 
+inf +1.257132e+01 +1.018527e+01 +9.125726e+00 +8.918421e+00 +9.387294e+00 +9.630898e+00 +9.293799e+00 +9.166501e+00 +8.424809e+00 +8.443068e+00 +7.939664e+00 +7.862414e+00 +7.781049e+00 +7.772427e+00 +7.840781e+00 +7.926173e+00 +7.966308e+00 +8.031388e+00 +8.062302e+00 +8.065164e+00 +8.006116e+00 +7.930069e+00 +7.909133e+00 +7.746523e+00 +7.690058e+00 +7.603303e+00 +7.577297e+00 +7.669496e+00 +7.686587e+00 +7.660485e+00 +7.698014e+00 +7.713151e+00 +7.729831e+00 +7.752140e+00 +7.733622e+00 +7.773811e+00 +7.692586e+00 +7.705129e+00 +7.716666e+00 
+inf +9.837747e+00 +7.807451e+00 +7.826183e+00 +7.345991e+00 +7.270457e+00 +7.592219e+00 +8.038891e+00 +7.974442e+00 +7.866592e+00 +7.951823e+00 +7.819117e+00 +7.759395e+00 +7.819278e+00 +7.862830e+00 +7.843684e+00 +7.932119e+00 +8.089518e+00 +8.206425e+00 +8.264958e+00 +8.377203e+00 +8.219205e+00 +8.350697e+00 +8.256561e+00 +8.271894e+00 +8.364078e+00 +8.408722e+00 +8.339346e+00 +8.216447e+00 +8.260555e+00 +8.287108e+00 +8.190551e+00 +8.161000e+00 +8.117006e+00 +8.128062e+00 +8.107144e+00 +8.054586e+00 +7.998491e+00 +8.040115e+00 +8.017323e+00 
+inf +8.645094e+00 +7.967385e+00 +8.518082e+00 +9.074056e+00 +8.915029e+00 +8.853641e+00 +8.823578e+00 +8.980109e+00 +8.546017e+00 +8.485811e+00 +8.531173e+00 +8.664835e+00 +8.721541e+00 +8.641289e+00 +8.552327e+00 +8.572516e+00 +8.486945e+00 +8.377582e+00 +8.324380e+00 +8.432170e+00 +8.380894e+00 +8.121996e+00 +8.227199e+00 +8.328837e+00 +8.335844e+00 +8.244407e+00 +8.140524e+00 +8.147360e+00 +8.062299e+00 +8.038291e+00 +7.856222e+00 +7.923926e+00 +7.969537e+00 +8.015085e+00 +8.025772e+00 +8.057485e+00 +8.112659e+00 +8.149776e+00 +8.153470e+00 
+inf +1.879190e+01 +1.054230e+01 +8.683748e+00 +8.717089e+00 +9.139216e+00 +8.684052e+00 +9.230439e+00 +9.391464e+00 +9.547476e+00 +9.387727e+00 +9.279241e+00 +8.608395e+00 +8.342929e+00 +8.292715e+00 +8.419921e+00 +8.483185e+00 +8.524191e+00 +8.576678e+00 +8.688113e+00 +8.543542e+00 +8.641617e+00 +8.603014e+00 +8.669744e+00 +8.661753e+00 +8.569438e+00 +8.501997e+00 +8.380040e+00 +8.250438e+00 +8.319094e+00 +8.305102e+00 +8.292420e+00 +8.352098e+00 +8.254009e+00 +8.264288e+00 +8.238647e+00 +8.138489e+00 +8.125314e+00 +8.111951e+00 +8.034342e+00 
+inf +1.226605e+01 +1.165962e+01 +1.028398e+01 +1.063856e+01 +1.027924e+01 +1.013600e+01 +9.414844e+00 +9.109614e+00 +9.071588e+00 +8.715530e+00 +8.674731e+00 +8.682417e+00 +8.505777e+00 +8.074776e+00 +8.003092e+00 +7.915999e+00 +7.975228e+00 +8.007969e+00 +8.121746e+00 +8.269363e+00 +8.237912e+00 +8.261855e+00 +8.192273e+00 +8.117015e+00 +8.080945e+00 +8.053526e+00 +8.081470e+00 +8.005373e+00 +8.030596e+00 +8.090460e+00 +8.158214e+00 +8.203645e+00 +8.210181e+00 +8.246123e+00 +8.206590e+00 +8.170738e+00 +8.181909e+00 +8.154476e+00 +8.168231e+00 
+inf +9.631176e+00 +7.455356e+00 +7.548991e+00 +7.749143e+00 +7.770902e+00 +8.079007e+00 +8.391635e+00 +8.411643e+00 +8.430450e+00 +8.712783e+00 +8.779615e+00 +8.703715e+00 +8.711435e+00 +8.546999e+00 +8.663529e+00 +8.485508e+00 +8.362909e+00 +8.429758e+00 +8.401317e+00 +8.436290e+00 +8.449633e+00 +8.394513e+00 +8.333019e+00 +8.105463e+00 +8.100534e+00 +8.149953e+00 +8.138792e+00 +8.118137e+00 +8.197463e+00 +8.253583e+00 +8.084637e+00 +8.042002e+00 +8.090013e+00 +8.059572e+00 +7.963151e+00 +7.961392e+00 +7.966373e+00 +7.925176e+00 +7.945988e+00 
+inf +1.346853e+01 +1.306092e+01 +1.166888e+01 +1.133624e+01 +1.147200e+01 +1.149297e+01 +1.141951e+01 +1.132199e+01 +1.121947e+01 +1.075485e+01 +1.049469e+01 +1.016710e+01 +1.012053e+01 +1.021450e+01 +1.028989e+01 +1.010706e+01 +9.922462e+00 +9.850699e+00 +9.815412e+00 +9.709711e+00 +9.688164e+00 +9.669864e+00 +9.707556e+00 +9.610409e+00 +9.519003e+00 +9.519584e+00 +9.569807e+00 +9.623911e+00 +9.517800e+00 +9.417619e+00 +9.540130e+00 +9.615752e+00 +9.645496e+00 +9.587634e+00 +9.615402e+00 +9.545817e+00 +9.421263e+00 +9.347250e+00 +9.331721e+00 
+inf +1.120133e+01 +9.940912e+00 +9.351557e+00 +9.726140e+00 +9.714776e+00 +8.872127e+00 +8.814226e+00 +8.886469e+00 +9.007852e+00 +8.931744e+00 +9.078472e+00 +8.822867e+00 +8.833579e+00 +8.908738e+00 +8.930271e+00 +9.097660e+00 +9.178525e+00 +9.178114e+00 +9.242407e+00 +9.309861e+00 +9.399024e+00 +9.395858e+00 +9.256501e+00 +9.183425e+00 +9.255532e+00 +9.234592e+00 +9.258764e+00 +9.288281e+00 +9.359523e+00 +9.308938e+00 +9.285401e+00 +9.310613e+00 +9.304038e+00 +9.205771e+00 +9.183144e+00 +9.155471e+00 +9.135202e+00 +8.983790e+00 +8.927980e+00 
+inf +1.535144e+01 +1.330367e+01 +1.082529e+01 +1.061349e+01 +1.029281e+01 +9.997834e+00 +1.000634e+01 +1.011962e+01 +1.029221e+01 +1.006512e+01 +9.452794e+00 +9.404358e+00 +9.206294e+00 +9.184323e+00 +9.121703e+00 +9.293911e+00 +9.355655e+00 +9.314389e+00 +9.304430e+00 +9.291234e+00 +9.429658e+00 +9.434838e+00 +9.396636e+00 +9.346276e+00 +9.399715e+00 +9.321996e+00 +9.322717e+00 +9.324832e+00 +9.333601e+00 +9.400286e+00 +9.273987e+00 +9.145619e+00 +9.262061e+00 +9.346494e+00 +9.325220e+00 +9.346128e+00 +9.283792e+00 +9.251159e+00 +9.285655e+00 
+inf +1.172450e+01 +1.066189e+01 +9.560647e+00 +8.338952e+00 +8.127368e+00 +8.223882e+00 +8.100042e+00 +8.172731e+00 +8.243077e+00 +8.055622e+00 +8.106828e+00 +8.241137e+00 +8.423819e+00 +8.371814e+00 +8.196341e+00 +8.366862e+00 +8.548594e+00 +8.679032e+00 +8.807817e+00 +8.767070e+00 +8.683480e+00 +8.575578e+00 +8.601394e+00 +8.672643e+00 +8.837857e+00 +8.929199e+00 +9.040407e+00 +9.099601e+00 +9.144894e+00 +9.221876e+00 +9.200312e+00 +9.227391e+00 +9.177556e+00 +9.204994e+00 +9.227618e+00 +9.109765e+00 +9.041660e+00 +9.043512e+00 +9.068234e+00 
+inf +1.348659e+01 +1.159076e+01 +1.026115e+01 +1.084605e+01 +1.143494e+01 +1.122705e+01 +1.122747e+01 +1.078181e+01 +1.082978e+01 +1.091888e+01 +1.069047e+01 +1.058593e+01 +1.069719e+01 +1.067228e+01 +1.066118e+01 +1.043384e+01 +1.046964e+01 +1.027749e+01 +1.028234e+01 +1.038097e+01 +1.040928e+01 +1.046754e+01 +1.033923e+01 +1.018262e+01 +1.012936e+01 +1.020462e+01 +1.002055e+01 +9.978108e+00 +9.835111e+00 +9.658055e+00 +9.686883e+00 +9.539411e+00 +9.472777e+00 +9.366218e+00 +9.401961e+00 +9.411447e+00 +9.408748e+00 +9.364544e+00 +9.301647e+00 
+inf +9.289889e+00 +9.441406e+00 +9.165959e+00 +9.042630e+00 +9.041056e+00 +9.647960e+00 +9.395394e+00 +9.142452e+00 +9.120617e+00 +9.244561e+00 +9.326984e+00 +9.398403e+00 +9.013155e+00 +8.883271e+00 +8.798351e+00 +8.695062e+00 +8.809974e+00 +8.515480e+00 +8.524975e+00 +8.701976e+00 +8.721653e+00 +8.804553e+00 +8.600496e+00 +8.484889e+00 +8.512027e+00 +8.545739e+00 +8.518887e+00 +8.580512e+00 +8.643504e+00 +8.700940e+00 +8.724279e+00 +8.747157e+00 +8.800754e+00 +8.792589e+00 +8.765280e+00 +8.814898e+00 +8.902307e+00 +8.945447e+00 +8.992312e+00 
+inf +1.204925e+01 +1.090717e+01 +1.135352e+01 +9.971165e+00 +1.002521e+01 +1.038676e+01 +1.035111e+01 +1.024758e+01 +1.051215e+01 +1.037825e+01 +1.025010e+01 +9.972218e+00 +1.005441e+01 +1.017567e+01 +1.016323e+01 +1.014795e+01 +9.965613e+00 +1.002347e+01 +1.018035e+01 +9.884441e+00 +9.774408e+00 +9.798729e+00 +9.823216e+00 +9.849669e+00 +9.656424e+00 +9.768641e+00 +9.827598e+00 +9.752401e+00 +9.709540e+00 +9.612867e+00 +9.535108e+00 +9.579619e+00 +9.468375e+00 +9.356217e+00 +9.334267e+00 +9.288141e+00 +9.354521e+00 +9.428405e+00 +9.402125e+00 
+inf +1.176804e+01 +8.752879e+00 +8.627749e+00 +9.043066e+00 +9.496322e+00 +8.905360e+00 +8.940690e+00 +9.228174e+00 +9.352307e+00 +9.248784e+00 +9.285535e+00 +9.306090e+00 +9.451748e+00 +9.298429e+00 +9.288761e+00 +9.243510e+00 +9.091765e+00 +9.105188e+00 +9.006664e+00 +8.973445e+00 +8.983695e+00 +8.997542e+00 +9.070782e+00 +9.025099e+00 +8.991206e+00 +8.998020e+00 +8.870827e+00 +8.945189e+00 +8.875884e+00 +8.921280e+00 +9.020810e+00 +9.057646e+00 +9.111382e+00 +9.198678e+00 +9.248098e+00 +9.229392e+00 +9.191247e+00 +9.172507e+00 +9.154412e+00 
+inf +1.106948e+01 +9.699475e+00 +9.161343e+00 +9.264054e+00 +9.734356e+00 +9.670893e+00 +9.648828e+00 +9.254530e+00 +9.220766e+00 +9.016167e+00 +8.885474e+00 +8.947046e+00 +8.936335e+00 +8.923931e+00 +8.916588e+00 +9.012578e+00 +9.146873e+00 +9.276467e+00 +9.315928e+00 +9.225801e+00 +9.436555e+00 +9.479387e+00 +9.618719e+00 +9.600410e+00 +9.606289e+00 +9.631255e+00 +9.619122e+00 +9.620674e+00 +9.589294e+00 +9.627117e+00 +9.517785e+00 +9.613178e+00 +9.527889e+00 +9.583730e+00 +9.603387e+00 +9.482127e+00 +9.357046e+00 +9.380993e+00 +9.308423e+00 
+inf +1.126213e+01 +1.074834e+01 +1.249971e+01 +1.271815e+01 +1.117098e+01 +1.093388e+01 +1.102358e+01 +1.094587e+01 +1.060425e+01 +1.037411e+01 +1.012783e+01 +9.909540e+00 +9.658697e+00 +9.462660e+00 +9.753808e+00 +9.962065e+00 +1.007933e+01 +1.008283e+01 +1.021590e+01 +1.006251e+01 +9.952181e+00 +9.996357e+00 +1.007715e+01 +1.005454e+01 +1.007696e+01 +1.013295e+01 +1.012307e+01 +1.018999e+01 +1.019960e+01 +1.016424e+01 +1.017221e+01 +1.019230e+01 +1.005119e+01 +1.002057e+01 +1.003370e+01 +1.003611e+01 +9.975518e+00 +9.940718e+00 +9.963110e+00 
+inf +1.088381e+01 +8.418453e+00 +9.005636e+00 +9.989074e+00 +9.999751e+00 +9.713361e+00 +1.003349e+01 +9.503718e+00 +9.181928e+00 +9.170836e+00 +9.083771e+00 +9.161893e+00 +9.265954e+00 +9.429913e+00 +9.520482e+00 +9.399109e+00 +9.570260e+00 +9.547633e+00 +9.585901e+00 +9.571530e+00 +9.770374e+00 +9.809269e+00 +9.878935e+00 +9.684259e+00 +9.695961e+00 +9.709469e+00 +9.789003e+00 +9.827914e+00 +9.804468e+00 +9.871554e+00 +9.884718e+00 +9.859450e+00 +9.897888e+00 +9.954457e+00 +9.920567e+00 +9.697700e+00 +9.617181e+00 +9.670635e+00 +9.696009e+00 
+inf +1.370362e+01 +1.364456e+01 +1.309490e+01 +1.281284e+01 +1.257913e+01 +1.211334e+01 +1.133857e+01 +1.076680e+01 +1.071506e+01 +1.062714e+01 +1.045951e+01 +1.001332e+01 +1.003614e+01 +9.884731e+00 +1.007064e+01 +1.010947e+01 +1.004906e+01 +1.008700e+01 +1.008403e+01 +9.992987e+00 +1.009164e+01 +1.003728e+01 +1.012852e+01 +1.019615e+01 +1.019930e+01 +1.024778e+01 +1.020385e+01 +1.005026e+01 +9.988226e+00 +9.974646e+00 +1.007091e+01 +1.003174e+01 +1.002944e+01 +1.010457e+01 +9.995147e+00 +9.859803e+00 +9.680591e+00 +9.646811e+00 +9.677426e+00 
+inf +1.254791e+01 +1.344579e+01 +1.202722e+01 +9.560210e+00 +9.583905e+00 +9.489556e+00 +9.447178e+00 +9.312763e+00 +9.360506e+00 +9.271378e+00 +9.482025e+00 +9.767520e+00 +9.245487e+00 +9.166618e+00 +8.781160e+00 +8.970898e+00 +9.191675e+00 +9.350341e+00 +9.396735e+00 +9.487207e+00 +9.470196e+00 +9.482787e+00 +9.318450e+00 +9.296901e+00 +9.382170e+00 +9.469785e+00 +9.385325e+00 +9.236670e+00 +9.185553e+00 +9.285569e+00 +9.428969e+00 +9.514295e+00 +9.579529e+00 +9.564197e+00 +9.582732e+00 +9.684339e+00 +9.730685e+00 +9.799288e+00 +9.871633e+00 
+inf +1.185973e+01 +1.125752e+01 +1.157287e+01 +1.205193e+01 +1.064219e+01 +1.035953e+01 +1.047887e+01 +1.076413e+01 +1.032353e+01 +1.035691e+01 +1.010142e+01 +1.030054e+01 +1.036151e+01 +1.029407e+01 +1.032146e+01 +1.057052e+01 +1.049537e+01 +1.018616e+01 +1.010941e+01 +1.011604e+01 +1.015349e+01 +1.007581e+01 +1.006608e+01 +1.020832e+01 +1.017802e+01 +9.996590e+00 +9.988843e+00 +9.977472e+00 +9.928605e+00 +9.750402e+00 +9.748252e+00 +9.804329e+00 +9.854734e+00 +9.877035e+00 +9.894112e+00 +9.862468e+00 +9.780254e+00 +9.703340e+00 +9.760174e+00 
+inf +1.666434e+01 +1.491644e+01 +1.370789e+01 +1.326069e+01 +1.304672e+01 +1.279778e+01 +1.274901e+01 +1.235175e+01 +1.243793e+01 +1.213543e+01 +1.239339e+01 +1.211934e+01 +1.205816e+01 +1.189672e+01 +1.184391e+01 +1.173393e+01 +1.130875e+01 +1.121087e+01 +1.114182e+01 +1.128810e+01 +1.123458e+01 +1.124423e+01 +1.129705e+01 +1.136959e+01 +1.131930e+01 +1.143097e+01 +1.129292e+01 +1.128483e+01 +1.107722e+01 +1.117101e+01 +1.109188e+01 +1.116351e+01 +1.110540e+01 +1.095723e+01 +1.085698e+01 +1.068237e+01 +1.068017e+01 +1.050237e+01 +1.032746e+01 
+inf +1.409956e+01 +1.271347e+01 +1.221314e+01 +1.033934e+01 +9.871245e+00 +1.001876e+01 +1.074351e+01 +1.119275e+01 +1.112309e+01 +1.111392e+01 +1.091664e+01 +1.102822e+01 +1.104672e+01 +1.095923e+01 +1.091919e+01 +1.093480e+01 +1.076201e+01 +1.069389e+01 +1.061078e+01 +1.071442e+01 +1.065686e+01 +1.033643e+01 +1.001661e+01 +1.003884e+01 +9.850080e+00 +9.664932e+00 +9.674977e+00 +9.641455e+00 +9.576672e+00 +9.596452e+00 +9.699748e+00 +9.661169e+00 +9.660968e+00 +9.642451e+00 +9.568525e+00 +9.592701e+00 +9.629949e+00 +9.605948e+00 +9.554531e+00 
+inf +2.283119e+01 +1.235494e+01 +8.903816e+00 +9.292608e+00 +1.007365e+01 +1.046276e+01 +1.093637e+01 +1.118568e+01 +1.104531e+01 +1.122068e+01 +1.082275e+01 +1.075458e+01 +1.074408e+01 +1.100666e+01 +1.086492e+01 +1.070381e+01 +1.067050e+01 +1.065006e+01 +1.040549e+01 +1.035401e+01 +1.041722e+01 +1.016458e+01 +1.003324e+01 +1.000793e+01 +1.009178e+01 +1.018645e+01 +1.008503e+01 +9.944971e+00 +9.898297e+00 +9.861663e+00 +9.663419e+00 +9.756785e+00 +9.878851e+00 +9.984314e+00 +9.963121e+00 +9.889378e+00 +9.832217e+00 +9.837311e+00 +9.919678e+00 
+inf +1.410433e+01 +1.412765e+01 +1.287195e+01 +1.183707e+01 +9.764133e+00 +9.583934e+00 +9.645248e+00 +9.898084e+00 +1.013922e+01 +9.734846e+00 +9.622417e+00 +9.246229e+00 +9.076431e+00 +9.127076e+00 +9.266482e+00 +9.308782e+00 +9.588864e+00 +9.736898e+00 +9.599403e+00 +9.582978e+00 +9.660449e+00 +9.728851e+00 +9.718137e+00 +9.610520e+00 +9.511456e+00 +9.465774e+00 +9.390274e+00 +9.403936e+00 +9.279174e+00 +9.294670e+00 +9.345773e+00 +9.375635e+00 +9.335239e+00 +9.339532e+00 +9.399874e+00 +9.464008e+00 +9.476469e+00 +9.495151e+00 +9.576911e+00 
+inf +1.585462e+01 +1.237137e+01 +1.330436e+01 +1.405487e+01 +1.489200e+01 +1.332452e+01 +1.285790e+01 +1.226427e+01 +1.172014e+01 +1.154471e+01 +1.162089e+01 +1.110650e+01 +1.094673e+01 +1.071038e+01 +1.072791e+01 +1.068497e+01 +1.072353e+01 +1.060354e+01 +1.065510e+01 +1.042849e+01 +1.043251e+01 +1.026439e+01 +1.013718e+01 +1.024716e+01 +1.032826e+01 +1.039895e+01 +1.054592e+01 +1.038459e+01 +1.038598e+01 +1.035419e+01 +1.016315e+01 +1.013974e+01 +9.932011e+00 +1.004984e+01 +1.015307e+01 +1.021331e+01 +1.019494e+01 +1.011669e+01 +1.004065e+01 
+inf +1.778588e+01 +1.323760e+01 +1.253853e+01 +1.158895e+01 +1.080643e+01 +1.057106e+01 +1.090711e+01 +1.097062e+01 +1.104573e+01 +1.077948e+01 +1.047854e+01 +1.050498e+01 +1.023779e+01 +1.012906e+01 +9.623117e+00 +9.521005e+00 +9.325345e+00 +9.253686e+00 +9.381932e+00 +9.563999e+00 +9.605603e+00 +9.654661e+00 +9.743166e+00 +9.584776e+00 +9.375638e+00 +9.418131e+00 +9.429221e+00 +9.535964e+00 +9.442705e+00 +9.323843e+00 +9.417157e+00 +9.466873e+00 +9.592985e+00 +9.601019e+00 +9.666316e+00 +9.746220e+00 +9.726441e+00 +9.770677e+00 +9.793358e+00 
