+inf +2.807253e-01 +2.765036e-01 +2.456595e-01 +2.345248e-01 +2.367941e-01 +2.350922e-01 +2.381696e-01 +2.307120e-01 +2.409331e-01 +2.408755e-01 +2.469437e-01 +2.422347e-01 +2.468492e-01 +2.494008e-01 +2.533673e-01 +2.514606e-01 +2.517295e-01 +2.487025e-01 +2.473289e-01 +2.470045e-01 +2.514809e-01 +2.503515e-01 +2.502516e-01 +2.544606e-01 +2.553574e-01 +2.583759e-01 +2.595284e-01 +2.571096e-01 +2.537814e-01 +2.542944e-01 +2.560727e-01 +2.565519e-01 +2.557121e-01 +2.572406e-01 +2.545017e-01 +2.547618e-01 +2.553570e-01 +2.557947e-01 +2.581170e-01 
+inf +5.278505e-01 +4.979159e-01 +4.298615e-01 +4.343348e-01 +3.396380e-01 +3.506250e-01 +3.582589e-01 +3.670719e-01 +3.735472e-01 +3.624845e-01 +3.708694e-01 +3.740153e-01 +3.822358e-01 +3.736981e-01 +3.766443e-01 +3.739188e-01 +3.551738e-01 +3.606332e-01 +3.693257e-01 +3.621278e-01 +3.560692e-01 +3.593422e-01 +3.591003e-01 +3.605723e-01 +3.633546e-01 +3.659576e-01 +3.647486e-01 +3.645297e-01 +3.702672e-01 +3.641938e-01 +3.596621e-01 +3.591297e-01 +3.604447e-01 +3.603642e-01 +3.610918e-01 +3.610392e-01 +3.636083e-01 +3.633663e-01 +3.606012e-01 
+inf +5.397543e-01 +5.277269e-01 +5.098052e-01 +5.517279e-01 +5.822194e-01 +5.033537e-01 +5.010637e-01 +5.163459e-01 +4.919459e-01 +4.799523e-01 +4.738688e-01 +4.831555e-01 +4.657154e-01 +4.642239e-01 +4.683984e-01 +4.674370e-01 +4.611006e-01 +4.630040e-01 +4.714446e-01 +4.701550e-01 +4.539777e-01 +4.466661e-01 +4.458188e-01 +4.427583e-01 +4.359730e-01 +4.362819e-01 +4.392034e-01 +4.390634e-01 +4.393663e-01 +4.428948e-01 +4.451564e-01 +4.475451e-01 +4.409842e-01 +4.408694e-01 +4.403105e-01 +4.408379e-01 +4.334217e-01 +4.340605e-01 +4.330486e-01 
+inf +7.306086e-01 +6.058908e-01 +4.983499e-01 +4.840283e-01 +5.329949e-01 +5.556200e-01 +5.612454e-01 +5.834218e-01 +5.934979e-01 +5.553148e-01 +5.319258e-01 +5.246763e-01 +4.939088e-01 +5.113065e-01 +5.185298e-01 +5.151646e-01 +5.122697e-01 +5.286848e-01 +5.280419e-01 +5.317101e-01 +5.145934e-01 +5.056951e-01 +5.107916e-01 +5.103930e-01 +5.087050e-01 +5.069878e-01 +5.142794e-01 +5.166089e-01 +5.197016e-01 +5.196815e-01 +5.289715e-01 +5.303017e-01 +5.082033e-01 +5.083303e-01 +5.128219e-01 +5.187566e-01 +5.165960e-01 +5.225739e-01 +5.272014e-01 
+inf +1.008288e+00 +7.925803e-01 +8.211423e-01 +7.901940e-01 +8.351285e-01 +8.028464e-01 +7.845484e-01 +7.673024e-01 +7.280598e-01 +7.338732e-01 +6.824614e-01 +6.900388e-01 +6.860073e-01 +6.808431e-01 +6.725100e-01 +6.531735e-01 +6.088637e-01 +6.182858e-01 +6.262459e-01 +6.381869e-01 +6.401935e-01 +6.398606e-01 +6.366570e-01 +6.317316e-01 +6.396925e-01 +6.465552e-01 +6.496873e-01 +6.489622e-01 +6.379359e-01 +6.320693e-01 +6.266287e-01 +6.341864e-01 +6.314504e-01 +6.377701e-01 +6.409547e-01 +6.371243e-01 +6.333751e-01 +6.321639e-01 +6.362066e-01 
+inf +8.922155e-01 +7.456329e-01 +6.208936e-01 +7.425776e-01 +6.601526e-01 +6.295238e-01 +6.490026e-01 +6.883156e-01 +7.237228e-01 +7.488864e-01 +7.393471e-01 +7.528799e-01 +7.678497e-01 +7.910401e-01 +7.720904e-01 +7.640986e-01 +7.645881e-01 +7.790022e-01 +7.676534e-01 +7.625900e-01 +7.374177e-01 +7.403390e-01 +7.139707e-01 +7.185594e-01 +7.353215e-01 +7.501301e-01 +7.459051e-01 +7.556739e-01 +7.560419e-01 +7.623140e-01 +7.728542e-01 +7.711284e-01 +7.777188e-01 +7.751473e-01 +7.790266e-01 +7.789912e-01 +7.846069e-01 +7.918754e-01 +7.924927e-01 
+inf +1.463802e+00 +1.120013e+00 +8.144726e-01 +8.452759e-01 +8.285354e-01 +8.620141e-01 +9.333244e-01 +8.694025e-01 +8.654147e-01 +8.895841e-01 +8.945437e-01 +9.121256e-01 +9.406482e-01 +9.731263e-01 +9.420253e-01 +9.732607e-01 +9.809268e-01 +9.667067e-01 +9.750866e-01 +9.523631e-01 +9.335417e-01 +9.315994e-01 +9.394364e-01 +9.283167e-01 +9.458458e-01 +9.597643e-01 +9.713951e-01 +9.721726e-01 +9.861338e-01 +1.002253e+00 +9.877431e-01 +9.703294e-01 +9.695602e-01 +9.526044e-01 +9.481391e-01 +9.341950e-01 +9.212376e-01 +9.298485e-01 +9.267238e-01 
+inf +1.756233e+00 +1.523146e+00 +1.319688e+00 +1.192892e+00 +1.056686e+00 +1.141836e+00 +1.039089e+00 +1.043445e+00 +1.030515e+00 +1.034673e+00 +9.994739e-01 +9.959635e-01 +1.010098e+00 +9.953448e-01 +9.492516e-01 +9.685258e-01 +9.646273e-01 +9.510407e-01 +9.619708e-01 +9.723027e-01 +9.811270e-01 +9.803384e-01 +9.769118e-01 +9.943933e-01 +9.957915e-01 +1.010890e+00 +1.011434e+00 +9.652313e-01 +9.543840e-01 +9.036440e-01 +9.207743e-01 +9.034460e-01 +9.167701e-01 +9.111984e-01 +9.150446e-01 +9.224999e-01 +9.331637e-01 +9.487349e-01 +9.609707e-01 
+inf +2.269777e+00 +8.389520e-01 +8.259762e-01 +9.891979e-01 +1.076305e+00 +1.165735e+00 +1.080129e+00 +1.144084e+00 +1.151506e+00 +1.217925e+00 +1.200920e+00 +1.208361e+00 +1.191621e+00 +1.214299e+00 +1.256378e+00 +1.248561e+00 +1.262055e+00 +1.298187e+00 +1.159426e+00 +1.128171e+00 +1.115124e+00 +1.067900e+00 +1.051633e+00 +1.037315e+00 +1.033156e+00 +1.020044e+00 +1.031148e+00 +1.038340e+00 +1.054109e+00 +1.049003e+00 +1.058753e+00 +1.061227e+00 +1.043987e+00 +1.052721e+00 +1.024750e+00 +1.016832e+00 +1.016456e+00 +1.025931e+00 +1.032372e+00 
+inf +1.165823e+00 +1.466808e+00 +1.422115e+00 +1.394223e+00 +1.517416e+00 +1.580116e+00 +1.580791e+00 +1.590900e+00 +1.461819e+00 +1.511276e+00 +1.417657e+00 +1.390768e+00 +1.416577e+00 +1.388536e+00 +1.360910e+00 +1.392403e+00 +1.388437e+00 +1.398443e+00 +1.393702e+00 +1.375633e+00 +1.370180e+00 +1.307513e+00 +1.260463e+00 +1.244648e+00 +1.243114e+00 +1.217998e+00 +1.224744e+00 +1.226803e+00 +1.233203e+00 +1.226046e+00 +1.249372e+00 +1.247906e+00 +1.253367e+00 +1.199227e+00 +1.172989e+00 +1.165598e+00 +1.177365e+00 +1.193039e+00 +1.197068e+00 
+inf +1.400457e+00 +1.055936e+00 +1.121364e+00 +1.192386e+00 +1.275004e+00 +1.303419e+00 +1.304700e+00 +1.232470e+00 +1.272229e+00 +1.290913e+00 +1.290988e+00 +1.309435e+00 +1.322220e+00 +1.367586e+00 +1.368269e+00 +1.403506e+00 +1.442296e+00 +1.409214e+00 +1.416904e+00 +1.422246e+00 +1.422556e+00 +1.401644e+00 +1.417889e+00 +1.409844e+00 +1.354384e+00 +1.372719e+00 +1.376469e+00 +1.349595e+00 +1.322285e+00 +1.338091e+00 +1.344216e+00 +1.374731e+00 +1.383187e+00 +1.390727e+00 +1.363206e+00 +1.380360e+00 +1.376932e+00 +1.364632e+00 +1.357797e+00 
+inf +7.763960e-01 +1.051227e+00 +1.123116e+00 +1.080270e+00 +1.137439e+00 +1.242311e+00 +1.262424e+00 +1.375934e+00 +1.341629e+00 +1.349058e+00 +1.336492e+00 +1.327930e+00 +1.364103e+00 +1.309141e+00 +1.286479e+00 +1.259911e+00 +1.267756e+00 +1.251441e+00 +1.248655e+00 +1.238222e+00 +1.234444e+00 +1.186458e+00 +1.201807e+00 +1.226437e+00 +1.237453e+00 +1.256799e+00 +1.267249e+00 +1.288945e+00 +1.311875e+00 +1.311684e+00 +1.258313e+00 +1.249515e+00 +1.255174e+00 +1.270875e+00 +1.286224e+00 +1.295745e+00 +1.322076e+00 +1.294646e+00 +1.294930e+00 
+inf +2.366357e+00 +1.618343e+00 +1.583501e+00 +1.761148e+00 +1.627933e+00 +1.569445e+00 +1.410791e+00 +1.348884e+00 +1.269465e+00 +1.308476e+00 +1.388503e+00 +1.446076e+00 +1.485149e+00 +1.519524e+00 +1.506525e+00 +1.511812e+00 +1.580385e+00 +1.613546e+00 +1.609793e+00 +1.624466e+00 +1.625268e+00 +1.640985e+00 +1.666144e+00 +1.654456e+00 +1.662473e+00 +1.666903e+00 +1.642170e+00 +1.643197e+00 +1.651257e+00 +1.610173e+00 +1.629308e+00 +1.654528e+00 +1.674515e+00 +1.695223e+00 +1.720811e+00 +1.729208e+00 +1.749179e+00 +1.749974e+00 +1.743808e+00 
+inf +3.256533e+00 +2.743845e+00 +1.845795e+00 +1.709790e+00 +1.773278e+00 +1.795015e+00 +1.240456e+00 +1.178977e+00 +1.260117e+00 +1.301288e+00 +1.349232e+00 +1.346415e+00 +1.392204e+00 +1.450019e+00 +1.483792e+00 +1.498902e+00 +1.542296e+00 +1.517018e+00 +1.534109e+00 +1.398487e+00 +1.394449e+00 +1.427455e+00 +1.411241e+00 +1.427695e+00 +1.408504e+00 +1.413568e+00 +1.425382e+00 +1.458039e+00 +1.479944e+00 +1.473113e+00 +1.479434e+00 +1.506297e+00 +1.527710e+00 +1.518056e+00 +1.546746e+00 +1.572659e+00 +1.588010e+00 +1.569801e+00 +1.579711e+00 
+inf +1.827725e+00 +2.122631e+00 +1.422603e+00 +1.423728e+00 +1.576838e+00 +1.674555e+00 +1.732445e+00 +1.835247e+00 +1.626270e+00 +1.615512e+00 +1.636371e+00 +1.625271e+00 +1.639668e+00 +1.529805e+00 +1.534226e+00 +1.564740e+00 +1.578573e+00 +1.608943e+00 +1.582258e+00 +1.495346e+00 +1.485968e+00 +1.490435e+00 +1.522954e+00 +1.549629e+00 +1.504505e+00 +1.531972e+00 +1.536457e+00 +1.568305e+00 +1.575677e+00 +1.557257e+00 +1.546584e+00 +1.559821e+00 +1.529074e+00 +1.540728e+00 +1.536715e+00 +1.508889e+00 +1.512495e+00 +1.508086e+00 +1.521899e+00 
+inf +2.488099e+00 +2.195711e+00 +1.781910e+00 +1.923227e+00 +1.930310e+00 +1.966326e+00 +2.047443e+00 +2.193895e+00 +2.333025e+00 +2.361442e+00 +2.282846e+00 +2.246790e+00 +2.068806e+00 +2.036342e+00 +1.891510e+00 +1.952291e+00 +1.893368e+00 +1.853024e+00 +1.905983e+00 +1.957783e+00 +1.943438e+00 +1.932659e+00 +1.943258e+00 +1.821261e+00 +1.812532e+00 +1.720470e+00 +1.736775e+00 +1.725630e+00 +1.759100e+00 +1.695656e+00 +1.732762e+00 +1.702328e+00 +1.721873e+00 +1.721113e+00 +1.745430e+00 +1.765425e+00 +1.744940e+00 +1.773796e+00 +1.796883e+00 
+inf +1.742229e+00 +1.635114e+00 +2.103951e+00 +2.190955e+00 +1.661977e+00 +1.839342e+00 +1.615764e+00 +1.623762e+00 +1.749889e+00 +1.852224e+00 +1.925160e+00 +1.978800e+00 +1.951662e+00 +1.926484e+00 +2.011154e+00 +2.086944e+00 +2.139829e+00 +2.077461e+00 +2.151592e+00 +2.197323e+00 +2.267317e+00 +2.320870e+00 +2.379082e+00 +2.067716e+00 +1.991893e+00 +1.919516e+00 +1.916759e+00 +1.886900e+00 +1.927062e+00 +1.947468e+00 +1.959024e+00 +1.997739e+00 +1.999078e+00 +1.910127e+00 +1.928406e+00 +1.921996e+00 +1.945892e+00 +1.927303e+00 +1.959808e+00 
+inf +1.465984e+00 +1.578986e+00 +1.789932e+00 +2.140850e+00 +1.557913e+00 +1.517068e+00 +1.611379e+00 +1.646252e+00 +1.707458e+00 +1.753896e+00 +1.725511e+00 +1.762209e+00 +1.700162e+00 +1.686068e+00 +1.751709e+00 +1.779521e+00 +1.852727e+00 +1.871852e+00 +1.906930e+00 +1.925035e+00 +1.969167e+00 +1.955375e+00 +1.902845e+00 +1.910661e+00 +1.942053e+00 +1.857305e+00 +1.883065e+00 +1.881623e+00 +1.913006e+00 +1.938740e+00 +1.906953e+00 +1.903655e+00 +1.900542e+00 +1.926291e+00 +1.960025e+00 +1.961758e+00 +1.976957e+00 +1.956505e+00 +1.969877e+00 
+inf +1.435261e+00 +1.413052e+00 +1.374959e+00 +1.537169e+00 +1.567125e+00 +1.686486e+00 +1.837154e+00 +1.917099e+00 +1.977599e+00 +2.087242e+00 +2.132613e+00 +1.928615e+00 +1.942141e+00 +1.933039e+00 +1.982668e+00 +1.993597e+00 +2.026245e+00 +2.110536e+00 +2.149067e+00 +2.205953e+00 +2.160653e+00 +2.074306e+00 +2.096872e+00 +2.107862e+00 +2.130831e+00 +2.038659e+00 +2.035656e+00 +2.061298e+00 +2.103774e+00 +2.146944e+00 +2.182501e+00 +2.177419e+00 +2.130968e+00 +2.162943e+00 +2.201596e+00 +2.161868e+00 +2.144037e+00 +2.154317e+00 +2.149851e+00 
+inf +2.208909e+00 +3.051480e+00 +3.139504e+00 +1.314080e+00 +1.453957e+00 +1.578582e+00 +1.785070e+00 +1.925286e+00 +2.047994e+00 +2.089893e+00 +2.027080e+00 +2.094233e+00 +2.042937e+00 +2.076373e+00 +2.013568e+00 +2.098978e+00 +2.115389e+00 +2.091664e+00 +2.099850e+00 +2.157660e+00 +2.160080e+00 +2.167144e+00 +2.167745e+00 +2.165414e+00 +2.211252e+00 +2.214661e+00 +2.170673e+00 +2.181944e+00 +2.228637e+00 +2.233940e+00 +2.222866e+00 +2.257316e+00 +2.254340e+00 +2.271408e+00 +2.260910e+00 +2.284190e+00 +2.305978e+00 +2.273220e+00 +2.285577e+00 
+inf +2.716051e+00 +3.251401e+00 +2.625143e+00 +2.643617e+00 +2.910816e+00 +2.710112e+00 +2.324806e+00 +2.369917e+00 +2.467655e+00 +2.558236e+00 +2.612012e+00 +2.689892e+00 +2.665366e+00 +2.772409e+00 +2.826279e+00 +2.781968e+00 +2.729358e+00 +2.714268e+00 +2.767340e+00 +2.748194e+00 +2.829119e+00 +2.862469e+00 +2.827939e+00 +2.777335e+00 +2.791880e+00 +2.855277e+00 +2.854242e+00 +2.914574e+00 +2.864914e+00 +2.859318e+00 +2.867725e+00 +2.881005e+00 +2.902233e+00 +2.864546e+00 +2.878447e+00 +2.884575e+00 +2.884116e+00 +2.915778e+00 +2.936541e+00 
+inf +2.909775e+00 +3.114429e+00 +3.470988e+00 +3.448125e+00 +2.588603e+00 +3.004674e+00 +3.151148e+00 +3.301546e+00 +3.183549e+00 +3.342978e+00 +3.100200e+00 +3.256165e+00 +3.227701e+00 +3.145137e+00 +2.946067e+00 +3.061690e+00 +3.128694e+00 +3.231832e+00 +3.270475e+00 +3.127793e+00 +3.117113e+00 +2.983115e+00 +2.955219e+00 +3.000620e+00 +2.978543e+00 +2.816453e+00 +2.830247e+00 +2.890803e+00 +2.524990e+00 +2.565203e+00 +2.536468e+00 +2.368680e+00 +2.429100e+00 +2.436996e+00 +2.446780e+00 +2.466895e+00 +2.511538e+00 +2.476350e+00 +2.424348e+00 
+inf +4.322719e+00 +2.689322e+00 +2.828208e+00 +3.049902e+00 +3.290198e+00 +3.770819e+00 +3.339510e+00 +3.517130e+00 +3.723207e+00 +3.836407e+00 +3.595231e+00 +3.069349e+00 +2.751328e+00 +2.845148e+00 +2.965160e+00 +2.874853e+00 +2.844769e+00 +2.798389e+00 +2.681251e+00 +2.603141e+00 +2.611379e+00 +2.657769e+00 +2.536543e+00 +2.508184e+00 +2.539449e+00 +2.591347e+00 +2.616530e+00 +2.688940e+00 +2.705316e+00 +2.635531e+00 +2.594425e+00 +2.607253e+00 +2.629576e+00 +2.629592e+00 +2.648482e+00 +2.616271e+00 +2.547215e+00 +2.550601e+00 +2.564037e+00 
+inf +2.536714e+00 +3.134410e+00 +3.309752e+00 +3.101284e+00 +3.271640e+00 +3.248695e+00 +3.285552e+00 +3.398287e+00 +3.439489e+00 +3.247100e+00 +3.186400e+00 +3.072720e+00 +3.094627e+00 +3.217145e+00 +3.283957e+00 +3.239572e+00 +3.268558e+00 +3.263606e+00 +2.978015e+00 +3.007020e+00 +3.068787e+00 +3.083801e+00 +3.091060e+00 +3.164296e+00 +2.980647e+00 +2.998551e+00 +3.015140e+00 +2.912310e+00 +2.928470e+00 +2.930365e+00 +2.978075e+00 +2.948148e+00 +3.006514e+00 +2.997686e+00 +2.931191e+00 +2.797021e+00 +2.840279e+00 +2.681957e+00 +2.596275e+00 
+inf +2.663197e+00 +2.832786e+00 +3.199168e+00 +2.998401e+00 +2.805956e+00 +2.318580e+00 +2.049699e+00 +2.130904e+00 +2.112615e+00 +2.232653e+00 +2.052477e+00 +2.111249e+00 +2.204908e+00 +2.264770e+00 +2.279037e+00 +2.357571e+00 +2.338263e+00 +2.405835e+00 +2.484469e+00 +2.497609e+00 +2.416427e+00 +2.501910e+00 +2.480459e+00 +2.261384e+00 +2.227858e+00 +2.245630e+00 +2.264893e+00 +2.307387e+00 +2.267417e+00 +2.309313e+00 +2.241403e+00 +2.259100e+00 +2.233526e+00 +2.236674e+00 +2.265757e+00 +2.310474e+00 +2.335771e+00 +2.299328e+00 +2.310463e+00 
+inf +7.230825e+00 +3.245470e+00 +4.293288e+00 +3.592598e+00 +3.816738e+00 +3.170551e+00 +2.193780e+00 +2.165866e+00 +2.226578e+00 +2.359187e+00 +2.537361e+00 +2.663984e+00 +2.751338e+00 +2.554769e+00 +2.548665e+00 +2.611207e+00 +2.659036e+00 +2.630737e+00 +2.563862e+00 +2.549507e+00 +2.641756e+00 +2.666976e+00 +2.643828e+00 +2.608048e+00 +2.639363e+00 +2.692958e+00 +2.747158e+00 +2.802117e+00 +2.873126e+00 +2.901146e+00 +2.880008e+00 +2.848889e+00 +2.916746e+00 +2.969029e+00 +3.020477e+00 +3.031158e+00 +3.043229e+00 +3.062274e+00 +3.051923e+00 
+inf +5.324789e+00 +5.610430e+00 +4.546223e+00 +4.789566e+00 +4.813798e+00 +5.110167e+00 +5.202986e+00 +4.069868e+00 +4.394408e+00 +4.258599e+00 +4.402074e+00 +4.506878e+00 +4.597886e+00 +4.728323e+00 +4.910211e+00 +5.046192e+00 +5.231989e+00 +5.190058e+00 +5.056457e+00 +5.040053e+00 +5.040651e+00 +4.804450e+00 +4.696349e+00 +4.726830e+00 +4.622645e+00 +4.470802e+00 +4.342497e+00 +4.281729e+00 +4.106664e+00 +4.074541e+00 +4.134560e+00 +3.683498e+00 +3.623695e+00 +3.650141e+00 +3.648521e+00 +3.692933e+00 +3.675278e+00 +3.624629e+00 +3.621399e+00 
+inf +4.874542e+00 +2.872232e+00 +3.300171e+00 +3.056806e+00 +3.301119e+00 +3.570504e+00 +3.534421e+00 +3.330891e+00 +3.247322e+00 +3.153524e+00 +3.282065e+00 +2.990844e+00 +3.099730e+00 +3.031465e+00 +3.065640e+00 +2.996552e+00 +2.569392e+00 +2.607413e+00 +2.722905e+00 +2.816084e+00 +2.892819e+00 +2.888622e+00 +2.939373e+00 +3.018501e+00 +3.038340e+00 +3.013741e+00 +2.907075e+00 +2.524001e+00 +2.427637e+00 +2.461829e+00 +2.527763e+00 +2.567232e+00 +2.607606e+00 +2.543289e+00 +2.489636e+00 +2.505192e+00 +2.553777e+00 +2.531434e+00 +2.502233e+00 
+inf +6.081134e+00 +4.937669e+00 +3.812014e+00 +2.691815e+00 +2.189616e+00 +2.138570e+00 +2.081003e+00 +2.123937e+00 +2.219424e+00 +2.347590e+00 +2.467007e+00 +2.473992e+00 +2.593747e+00 +2.560194e+00 +2.539288e+00 +2.443129e+00 +2.470462e+00 +2.487334e+00 +2.485553e+00 +2.587719e+00 +2.589945e+00 +2.559282e+00 +2.640687e+00 +2.710112e+00 +2.749287e+00 +2.713566e+00 +2.725160e+00 +2.800321e+00 +2.839052e+00 +2.868241e+00 +2.880571e+00 +2.914142e+00 +2.940191e+00 +2.950251e+00 +2.950693e+00 +2.927178e+00 +2.917826e+00 +2.927286e+00 +2.944858e+00 
+inf +3.040528e+00 +3.135350e+00 +3.575231e+00 +3.687254e+00 +3.397912e+00 +3.829579e+00 +3.985763e+00 +3.909942e+00 +3.341596e+00 +3.274406e+00 +3.378468e+00 +3.473876e+00 +3.473926e+00 +3.571879e+00 +3.699511e+00 +3.799075e+00 +3.846860e+00 +3.949806e+00 +3.931866e+00 +3.908295e+00 +4.001451e+00 +3.845993e+00 +3.868992e+00 +3.633656e+00 +3.685556e+00 +3.748511e+00 +3.854035e+00 +3.906400e+00 +3.969406e+00 +4.038256e+00 +4.107654e+00 +3.972518e+00 +3.865162e+00 +3.950211e+00 +4.027150e+00 +3.904167e+00 +3.925267e+00 +3.824221e+00 +3.667651e+00 
+inf +4.489788e+00 +4.135689e+00 +5.440351e+00 +6.200346e+00 +5.994027e+00 +5.775884e+00 +4.733154e+00 +3.524139e+00 +2.889163e+00 +3.032104e+00 +2.885663e+00 +2.883412e+00 +3.082594e+00 +3.276852e+00 +3.171586e+00 +3.305071e+00 +3.014505e+00 +2.977907e+00 +2.973043e+00 +3.089962e+00 +3.092850e+00 +3.174028e+00 +3.152922e+00 +3.162910e+00 +3.226888e+00 +3.230506e+00 +3.187680e+00 +3.202843e+00 +3.049034e+00 +3.080917e+00 +3.138855e+00 +3.060179e+00 +3.022716e+00 +2.984100e+00 +2.932691e+00 +2.953674e+00 +2.927598e+00 +2.851375e+00 +2.900450e+00 
+inf +5.185931e+00 +7.111467e+00 +6.597312e+00 +6.453828e+00 +4.734707e+00 +4.754902e+00 +5.122665e+00 +5.252059e+00 +4.536674e+00 +4.068774e+00 +4.029692e+00 +4.086034e+00 +4.163479e+00 +4.061851e+00 +4.177927e+00 +4.171325e+00 +4.288186e+00 +4.403264e+00 +4.328800e+00 +4.271783e+00 +4.362171e+00 +4.489731e+00 +4.538316e+00 +3.957050e+00 +3.939945e+00 +3.979935e+00 +4.018900e+00 +4.002751e+00 +4.052455e+00 +4.021077e+00 +4.026474e+00 +4.051861e+00 +4.119726e+00 +4.088528e+00 +4.036717e+00 +4.095274e+00 +4.150774e+00 +4.213138e+00 +4.242494e+00 
+inf +1.439166e+00 +2.163760e+00 +2.520053e+00 +3.050103e+00 +3.447370e+00 +3.744734e+00 +4.121896e+00 +4.538867e+00 +4.519734e+00 +3.982988e+00 +3.859614e+00 +3.925406e+00 +3.642097e+00 +3.655527e+00 +3.769731e+00 +3.913658e+00 +3.527759e+00 +3.381033e+00 +3.208615e+00 +3.314647e+00 +3.075797e+00 +3.049632e+00 +2.987652e+00 +2.904590e+00 +2.927437e+00 +3.001077e+00 +3.069503e+00 +3.142167e+00 +3.184052e+00 +3.175095e+00 +3.182941e+00 +3.245671e+00 +3.308541e+00 +3.315066e+00 +3.354884e+00 +3.360761e+00 +3.328511e+00 +3.288406e+00 +3.289403e+00 
+inf +1.161501e+01 +1.534434e+01 +9.885017e+00 +7.439689e+00 +7.436666e+00 +7.329203e+00 +6.857392e+00 +7.089376e+00 +6.927094e+00 +5.282251e+00 +5.029131e+00 +5.054064e+00 +5.205997e+00 +5.369191e+00 +5.251675e+00 +5.099625e+00 +5.275305e+00 +5.349751e+00 +5.377606e+00 +5.352739e+00 +5.373083e+00 +5.437505e+00 +5.435197e+00 +5.498222e+00 +5.515839e+00 +5.476072e+00 +5.527004e+00 +5.658281e+00 +5.755620e+00 +5.884195e+00 +5.935931e+00 +6.024051e+00 +6.098299e+00 +6.048363e+00 +6.151749e+00 +6.258271e+00 +6.064068e+00 +6.156481e+00 +5.976207e+00 
+inf +3.252143e+00 +4.154213e+00 +4.969106e+00 +4.003781e+00 +4.126093e+00 +4.439397e+00 +3.480952e+00 +3.369386e+00 +3.343295e+00 +3.345295e+00 +3.049027e+00 +2.990982e+00 +3.194810e+00 +3.408318e+00 +3.523509e+00 +3.657388e+00 +3.682396e+00 +3.670097e+00 +3.561047e+00 +3.454667e+00 +3.469248e+00 +3.599355e+00 +3.617956e+00 +3.561152e+00 +3.623319e+00 +3.652061e+00 +3.696075e+00 +3.756306e+00 +3.738853e+00 +3.759591e+00 +3.717756e+00 +3.521858e+00 +3.421487e+00 +3.405959e+00 +3.448158e+00 +3.361361e+00 +3.382623e+00 +3.421273e+00 +3.394103e+00 
+inf +7.251306e+00 +1.066576e+01 +4.018957e+00 +3.859319e+00 +3.978982e+00 +4.470875e+00 +4.248222e+00 +4.325897e+00 +4.398424e+00 +3.948836e+00 +3.873543e+00 +4.039246e+00 +4.265282e+00 +4.340469e+00 +4.569008e+00 +4.562874e+00 +4.347561e+00 +4.481052e+00 +4.174976e+00 +4.091546e+00 +3.954639e+00 +4.026804e+00 +4.025717e+00 +4.157973e+00 +4.224645e+00 +4.302575e+00 +4.267496e+00 +4.200621e+00 +4.280686e+00 +4.329570e+00 +4.397469e+00 +4.434428e+00 +4.388349e+00 +4.359232e+00 +4.443366e+00 +4.500193e+00 +4.580303e+00 +4.559763e+00 +4.541735e+00 
+inf +1.129876e+01 +5.991646e+00 +4.464854e+00 +4.863412e+00 +5.616398e+00 +4.709848e+00 +4.823959e+00 +4.752521e+00 +5.089237e+00 +5.290190e+00 +5.184316e+00 +5.160792e+00 +5.120748e+00 +5.157331e+00 +4.574493e+00 +4.538362e+00 +4.680370e+00 +4.258941e+00 +4.328227e+00 +4.303870e+00 +4.263730e+00 +4.138246e+00 +4.086089e+00 +3.965313e+00 +3.921317e+00 +3.919295e+00 +3.961615e+00 +4.034468e+00 +4.147284e+00 +4.154447e+00 +4.171446e+00 +4.142027e+00 +4.152720e+00 +4.206684e+00 +4.249953e+00 +4.335506e+00 +4.427332e+00 +4.336559e+00 +4.209654e+00 
+inf +1.407494e+01 +1.330190e+01 +8.010879e+00 +8.320456e+00 +5.249090e+00 +4.789140e+00 +4.764623e+00 +4.263594e+00 +3.821544e+00 +3.690703e+00 +3.947545e+00 +3.725290e+00 +3.816650e+00 +3.876955e+00 +3.915421e+00 +3.665372e+00 +3.652659e+00 +3.744465e+00 +3.692367e+00 +3.803386e+00 +3.953875e+00 +3.877221e+00 +3.596455e+00 +3.392883e+00 +3.023748e+00 +2.947687e+00 +2.997354e+00 +3.060212e+00 +3.104847e+00 +3.127405e+00 +3.110655e+00 +3.181286e+00 +3.131785e+00 +3.107505e+00 +3.060518e+00 +3.054876e+00 +3.114333e+00 +3.125967e+00 +3.137414e+00 
+inf +3.090564e+00 +3.655745e+00 +3.506828e+00 +3.801426e+00 +3.860711e+00 +4.032820e+00 +3.985932e+00 +3.819321e+00 +3.716223e+00 +3.997332e+00 +4.078358e+00 +3.595998e+00 +3.369788e+00 +3.403201e+00 +3.552748e+00 +3.665605e+00 +3.759953e+00 +3.738872e+00 +3.643435e+00 +3.556402e+00 +3.687694e+00 +3.782631e+00 +3.860049e+00 +3.725029e+00 +3.733932e+00 +3.774837e+00 +3.892003e+00 +3.947559e+00 +3.908945e+00 +3.961322e+00 +4.055934e+00 +4.155263e+00 +4.252026e+00 +4.283859e+00 +4.345644e+00 +4.374706e+00 +4.462381e+00 +4.546510e+00 +4.613925e+00 
+inf +6.305419e+00 +6.315297e+00 +5.421990e+00 +5.408200e+00 +5.699586e+00 +5.763549e+00 +6.212135e+00 +6.066166e+00 +6.273403e+00 +6.031006e+00 +5.409671e+00 +5.314191e+00 +4.858279e+00 +4.901641e+00 +5.024532e+00 +5.249595e+00 +4.860156e+00 +4.699412e+00 +4.823389e+00 +4.905786e+00 +4.663783e+00 +4.769573e+00 +4.840687e+00 +4.837889e+00 +4.960388e+00 +5.038756e+00 +5.123409e+00 +5.239068e+00 +5.199942e+00 +5.076083e+00 +5.033966e+00 +5.097344e+00 +5.150577e+00 +5.191566e+00 +5.210556e+00 +5.071996e+00 +5.128215e+00 +4.946594e+00 +4.914003e+00 
+inf +1.036099e+01 +1.412008e+01 +1.312917e+01 +1.098671e+01 +9.305897e+00 +1.025354e+01 +9.711992e+00 +8.593690e+00 +7.374612e+00 +7.765948e+00 +8.008295e+00 +6.513846e+00 +6.180207e+00 +6.035415e+00 +5.434435e+00 +5.255922e+00 +5.269502e+00 +5.393235e+00 +5.154008e+00 +5.032013e+00 +5.123091e+00 +5.288049e+00 +5.463699e+00 +5.490425e+00 +5.626989e+00 +5.600310e+00 +5.683973e+00 +5.757241e+00 +5.767277e+00 +5.788111e+00 +5.525337e+00 +5.494607e+00 +5.560586e+00 +5.514920e+00 +5.527560e+00 +5.514840e+00 +5.619908e+00 +5.725154e+00 +5.774893e+00 
+inf +4.652385e+00 +5.761315e+00 +3.636587e+00 +2.208677e+00 +2.293981e+00 +2.609625e+00 +2.881186e+00 +3.218182e+00 +3.153882e+00 +3.346191e+00 +3.530495e+00 +3.711131e+00 +3.966605e+00 +4.041616e+00 +4.137358e+00 +4.099342e+00 +4.258621e+00 +4.300522e+00 +4.455488e+00 +4.363218e+00 +4.248647e+00 +4.370595e+00 +4.491928e+00 +4.465377e+00 +4.338211e+00 +4.473178e+00 +4.576619e+00 +4.636210e+00 +4.644557e+00 +4.716074e+00 +4.730988e+00 +4.676074e+00 +4.498124e+00 +4.326163e+00 +4.120425e+00 +4.143161e+00 +4.194905e+00 +4.129354e+00 +4.163005e+00 
+inf +3.625583e+00 +4.062254e+00 +4.692508e+00 +4.675502e+00 +4.833530e+00 +4.986524e+00 +5.453432e+00 +5.915833e+00 +6.388958e+00 +6.743452e+00 +6.884287e+00 +6.753865e+00 +6.654322e+00 +6.175618e+00 +5.691839e+00 +5.380331e+00 +5.562440e+00 +5.380497e+00 +4.583696e+00 +4.480691e+00 +4.422746e+00 +4.443759e+00 +4.570128e+00 +4.620343e+00 +4.755494e+00 +4.834766e+00 +4.583281e+00 +4.567073e+00 +4.511760e+00 +4.491031e+00 +4.528030e+00 +4.490617e+00 +4.546460e+00 +4.587434e+00 +4.687798e+00 +4.748954e+00 +4.709821e+00 +4.727115e+00 +4.740484e+00 
+inf +1.090101e+01 +1.255796e+01 +5.884731e+00 +5.633096e+00 +4.530103e+00 +5.074024e+00 +5.243973e+00 +5.753559e+00 +6.233340e+00 +5.185389e+00 +3.761816e+00 +3.799266e+00 +3.996641e+00 +4.192056e+00 +3.952062e+00 +4.063655e+00 +4.197437e+00 +4.303332e+00 +4.476225e+00 +4.612048e+00 +4.607222e+00 +4.716150e+00 +4.738064e+00 +4.774052e+00 +4.875485e+00 +4.936763e+00 +4.625928e+00 +4.698377e+00 +4.616626e+00 +4.601964e+00 +4.492424e+00 +4.565297e+00 +4.652229e+00 +4.712128e+00 +4.771856e+00 +4.778349e+00 +4.809614e+00 +4.747787e+00 +4.750177e+00 
+inf +5.590199e+00 +5.402749e+00 +5.751943e+00 +6.457235e+00 +6.427659e+00 +7.109125e+00 +7.659561e+00 +7.798178e+00 +6.471596e+00 +6.716121e+00 +5.991838e+00 +5.998360e+00 +6.362046e+00 +6.613035e+00 +6.340253e+00 +6.513407e+00 +6.725560e+00 +6.734768e+00 +6.936471e+00 +7.128331e+00 +7.197365e+00 +7.159365e+00 +7.220400e+00 +7.198091e+00 +6.975239e+00 +6.760401e+00 +6.881269e+00 +6.833475e+00 +6.881363e+00 +6.973922e+00 +6.385577e+00 +6.036158e+00 +6.093458e+00 +5.652692e+00 +5.302005e+00 +5.322279e+00 +5.316699e+00 +5.301074e+00 +5.358997e+00 
+inf +4.834537e+00 +5.145661e+00 +3.726687e+00 +3.946706e+00 +4.168159e+00 +4.032764e+00 +4.261307e+00 +4.568403e+00 +4.298291e+00 +4.122079e+00 +4.183981e+00 +4.254016e+00 +4.429559e+00 +4.404018e+00 +4.448780e+00 +4.620242e+00 +4.631975e+00 +4.362410e+00 +4.406403e+00 +4.493724e+00 +4.657743e+00 +4.665382e+00 +4.671296e+00 +4.673296e+00 +4.431567e+00 +4.540376e+00 +4.560597e+00 +4.541165e+00 +4.645904e+00 +4.412326e+00 +4.476067e+00 +4.561434e+00 +4.557107e+00 +4.612674e+00 +4.420167e+00 +4.151957e+00 +4.141358e+00 +4.201644e+00 +4.177766e+00 
+inf +6.672148e+00 +5.410649e+00 +5.479849e+00 +5.045996e+00 +6.053146e+00 +6.509326e+00 +6.560649e+00 +6.983495e+00 +7.187375e+00 +6.273906e+00 +6.662457e+00 +6.755349e+00 +6.609437e+00 +6.219126e+00 +6.039599e+00 +6.182876e+00 +6.497282e+00 +6.449620e+00 +6.643767e+00 +6.755370e+00 +6.166722e+00 +6.314302e+00 +6.149276e+00 +5.957343e+00 +5.971281e+00 +6.114577e+00 +6.109578e+00 +6.072197e+00 +6.110125e+00 +6.194628e+00 +6.342258e+00 +6.351211e+00 +6.386829e+00 +6.375660e+00 +6.200743e+00 +6.141937e+00 +5.713280e+00 +5.660578e+00 +5.703259e+00 
+inf +3.695326e+00 +4.773165e+00 +5.203538e+00 +4.354532e+00 +4.667189e+00 +5.286039e+00 +5.065777e+00 +5.602066e+00 +5.267030e+00 +5.219609e+00 +4.908226e+00 +4.226740e+00 +4.335736e+00 +4.519837e+00 +4.785897e+00 +4.901005e+00 +5.062711e+00 +5.240965e+00 +4.667846e+00 +4.726717e+00 +4.832816e+00 +4.864834e+00 +4.872724e+00 +4.857289e+00 +4.912563e+00 +4.899915e+00 +4.774298e+00 +4.537215e+00 +4.468681e+00 +4.448044e+00 +4.510338e+00 +4.432403e+00 +4.206940e+00 +4.126763e+00 +4.038888e+00 +4.038524e+00 +4.107364e+00 +4.181552e+00 +4.246871e+00 
+inf +5.746027e+00 +4.341241e+00 +4.469448e+00 +5.289597e+00 +6.255794e+00 +5.866764e+00 +5.653488e+00 +5.918685e+00 +5.788123e+00 +4.987780e+00 +3.991385e+00 +3.971634e+00 +4.132414e+00 +4.142366e+00 +4.080543e+00 +4.135790e+00 +4.262590e+00 +4.319868e+00 +4.440176e+00 +4.423720e+00 +4.570524e+00 +4.733089e+00 +4.867275e+00 +5.047953e+00 +5.202869e+00 +5.240801e+00 +5.289822e+00 +5.369902e+00 +5.375965e+00 +5.327049e+00 +5.382424e+00 +5.529648e+00 +5.673917e+00 +5.814834e+00 +5.926866e+00 +6.020522e+00 +6.047604e+00 +6.133113e+00 +6.163878e+00 
+inf +3.991187e+01 +1.725526e+01 +1.408586e+01 +1.298745e+01 +1.173799e+01 +1.291624e+01 +1.253438e+01 +7.636925e+00 +7.296395e+00 +7.300072e+00 +7.744889e+00 +7.864780e+00 +7.721815e+00 +7.539256e+00 +7.606731e+00 +7.123059e+00 +7.157119e+00 +7.151247e+00 +7.140430e+00 +6.898871e+00 +7.127261e+00 +7.138134e+00 +7.106193e+00 +6.976746e+00 +6.873007e+00 +6.780511e+00 +6.941720e+00 +7.077640e+00 +6.630093e+00 +6.663626e+00 +6.621868e+00 +6.718156e+00 +6.585570e+00 +6.642046e+00 +6.754283e+00 +6.746102e+00 +6.685206e+00 +6.778387e+00 +6.860744e+00 
+inf +3.473331e+00 +3.439274e+00 +2.858514e+00 +3.418268e+00 +2.983046e+00 +3.038976e+00 +3.354049e+00 +3.287391e+00 +3.320123e+00 +3.556626e+00 +3.685252e+00 +3.690262e+00 +3.559708e+00 +3.767688e+00 +3.981556e+00 +4.071778e+00 +4.261840e+00 +4.430294e+00 +4.465370e+00 +4.490021e+00 +4.428098e+00 +4.342683e+00 +4.415968e+00 +4.398811e+00 +4.370270e+00 +4.469178e+00 +4.592212e+00 +4.719370e+00 +4.785018e+00 +4.876575e+00 +5.023470e+00 +5.101477e+00 +5.156996e+00 +5.194375e+00 +5.180255e+00 +5.239849e+00 +5.349757e+00 +5.457688e+00 +5.487994e+00 
+inf +1.081216e+01 +7.176016e+00 +8.237960e+00 +1.019265e+01 +1.053300e+01 +1.137081e+01 +8.894573e+00 +7.199246e+00 +7.030998e+00 +6.803983e+00 +6.900762e+00 +6.844563e+00 +6.517776e+00 +6.656431e+00 +6.908043e+00 +7.233873e+00 +7.417750e+00 +7.409138e+00 +6.930594e+00 +6.596441e+00 +6.613239e+00 +6.573921e+00 +5.827897e+00 +4.949207e+00 +4.618890e+00 +4.525777e+00 +4.361407e+00 +4.429616e+00 +4.501883e+00 +4.587731e+00 +4.701320e+00 +4.737249e+00 +4.663009e+00 +4.613435e+00 +4.446921e+00 +4.310605e+00 +4.377975e+00 +4.398620e+00 +4.471896e+00 
+inf +7.265526e+00 +5.467918e+00 +5.658541e+00 +4.455823e+00 +3.936650e+00 +3.904757e+00 +4.338764e+00 +4.239090e+00 +4.343816e+00 +4.057805e+00 +4.315622e+00 +4.516229e+00 +4.591421e+00 +4.813195e+00 +4.736768e+00 +4.439012e+00 +4.190673e+00 +4.065039e+00 +4.048525e+00 +3.759171e+00 +3.548345e+00 +3.285424e+00 +3.040987e+00 +3.046519e+00 +3.151473e+00 +3.028755e+00 +2.849106e+00 +2.890126e+00 +2.919373e+00 +2.980928e+00 +3.016518e+00 +3.066789e+00 +3.094560e+00 +3.080904e+00 +3.128720e+00 +3.151223e+00 +3.210622e+00 +3.287486e+00 +3.348444e+00 
+inf +4.745161e+00 +7.390545e+00 +5.693361e+00 +4.055961e+00 +3.523300e+00 +3.927862e+00 +4.117950e+00 +4.275390e+00 +4.689769e+00 +5.056397e+00 +5.095676e+00 +4.672890e+00 +4.501042e+00 +4.450658e+00 +4.607671e+00 +4.870085e+00 +5.076834e+00 +5.155911e+00 +5.280513e+00 +5.503510e+00 +5.559271e+00 +4.872441e+00 +4.664800e+00 +4.591409e+00 +4.467425e+00 +4.507685e+00 +4.637274e+00 +4.763467e+00 +4.890117e+00 +5.024673e+00 +5.134474e+00 +5.087812e+00 +5.177293e+00 +5.224350e+00 +5.216703e+00 +5.129452e+00 +5.013443e+00 +5.055321e+00 +5.122982e+00 
+inf +2.876239e+01 +1.254742e+01 +1.067792e+01 +6.816343e+00 +5.370364e+00 +5.136712e+00 +5.355620e+00 +5.277720e+00 +5.246361e+00 +5.141255e+00 +4.846243e+00 +5.056668e+00 +5.255384e+00 +5.447012e+00 +5.447417e+00 +5.531800e+00 +5.645768e+00 +5.868078e+00 +5.890082e+00 +5.708949e+00 +5.710000e+00 +5.765707e+00 +5.783648e+00 +5.623550e+00 +5.471605e+00 +5.321749e+00 +5.475472e+00 +5.480891e+00 +5.401488e+00 +5.392216e+00 +5.471425e+00 +5.480674e+00 +5.524557e+00 +5.615106e+00 +5.690443e+00 +5.734274e+00 +5.171506e+00 +5.226629e+00 +5.232498e+00 
+inf +9.315275e+00 +1.032411e+01 +1.062908e+01 +9.731843e+00 +1.140608e+01 +1.179888e+01 +9.237508e+00 +8.547823e+00 +8.936615e+00 +9.181662e+00 +9.771535e+00 +1.044062e+01 +9.962264e+00 +1.036435e+01 +9.650899e+00 +8.450250e+00 +7.981753e+00 +8.237351e+00 +8.545011e+00 +8.833401e+00 +9.145415e+00 +8.328399e+00 +7.993970e+00 +7.434587e+00 +7.236445e+00 +7.455701e+00 +7.426781e+00 +7.614149e+00 +7.592706e+00 +7.502658e+00 +7.677889e+00 +7.867958e+00 +7.978113e+00 +8.202470e+00 +8.295245e+00 +8.245733e+00 +8.265029e+00 +8.381522e+00 +8.296316e+00 
+inf +5.273319e+00 +3.656716e+00 +3.327986e+00 +4.068390e+00 +4.758355e+00 +4.967042e+00 +4.938311e+00 +5.072510e+00 +5.405626e+00 +4.990112e+00 +4.297323e+00 +4.155049e+00 +3.779358e+00 +3.614269e+00 +3.712094e+00 +3.881539e+00 +4.076585e+00 +4.288572e+00 +4.432639e+00 +4.597288e+00 +4.575978e+00 +4.648160e+00 +4.528925e+00 +4.534793e+00 +4.200186e+00 +4.229228e+00 +4.368008e+00 +4.473946e+00 +4.518437e+00 +4.424228e+00 +4.451093e+00 +4.443769e+00 +4.468419e+00 +4.551831e+00 +4.632752e+00 +4.642194e+00 +4.752962e+00 +4.784197e+00 +4.895888e+00 
+inf +8.109116e+00 +6.758212e+00 +8.210535e+00 +7.900582e+00 +5.968682e+00 +6.874171e+00 +7.507094e+00 +7.817158e+00 +8.410717e+00 +8.488918e+00 +7.965564e+00 +7.845671e+00 +7.829221e+00 +7.905304e+00 +7.909145e+00 +7.889501e+00 +7.441823e+00 +7.362117e+00 +7.514291e+00 +7.637373e+00 +7.794122e+00 +7.931859e+00 +7.969882e+00 +8.062889e+00 +7.678294e+00 +7.239922e+00 +7.118784e+00 +7.110406e+00 +7.110079e+00 +6.982659e+00 +6.908650e+00 +7.088431e+00 +7.193854e+00 +7.219425e+00 +7.196053e+00 +7.146742e+00 +6.912945e+00 +6.933931e+00 +6.711105e+00 
+inf +1.719157e+01 +7.364254e+00 +7.684877e+00 +8.972552e+00 +9.569335e+00 +1.105704e+01 +1.214789e+01 +1.047404e+01 +9.943111e+00 +9.949415e+00 +9.935782e+00 +8.986142e+00 +8.643043e+00 +8.490151e+00 +8.808589e+00 +9.009707e+00 +8.423018e+00 +8.307367e+00 +8.418283e+00 +8.497713e+00 +8.717898e+00 +8.743276e+00 +8.591383e+00 +8.601433e+00 +8.290942e+00 +8.253843e+00 +7.908129e+00 +7.209307e+00 +7.141522e+00 +7.086165e+00 +7.057198e+00 +7.170937e+00 +6.899957e+00 +6.826399e+00 +6.947950e+00 +7.022438e+00 +7.056364e+00 +7.020810e+00 +6.872650e+00 
+inf +1.086297e+01 +9.161210e+00 +1.138847e+01 +1.166965e+01 +9.994873e+00 +8.566864e+00 +8.062461e+00 +8.529002e+00 +9.217285e+00 +9.629471e+00 +9.484279e+00 +9.155157e+00 +8.552091e+00 +8.923869e+00 +8.918620e+00 +8.308197e+00 +8.529652e+00 +8.272553e+00 +7.360478e+00 +6.730843e+00 +6.223407e+00 +5.969641e+00 +6.084662e+00 +6.009747e+00 +6.058616e+00 +6.189149e+00 +6.293522e+00 +6.360287e+00 +6.404421e+00 +6.351819e+00 +6.338036e+00 +6.403873e+00 +6.383585e+00 +6.418581e+00 +6.566503e+00 +6.686904e+00 +6.740765e+00 +6.808979e+00 +6.940330e+00 
+inf +8.554418e+00 +5.387083e+00 +5.930712e+00 +4.886619e+00 +4.117831e+00 +4.143793e+00 +4.445393e+00 +4.736729e+00 +5.069814e+00 +5.390493e+00 +5.788719e+00 +6.219037e+00 +6.127055e+00 +5.993728e+00 +6.220529e+00 +5.960006e+00 +5.925516e+00 +5.963696e+00 +6.196212e+00 +6.354331e+00 +6.634747e+00 +6.880580e+00 +7.140192e+00 +7.367781e+00 +7.343597e+00 +7.345047e+00 +7.525457e+00 +7.441888e+00 +7.463055e+00 +7.309227e+00 +7.012094e+00 +7.109159e+00 +7.159884e+00 +7.274359e+00 +7.375406e+00 +7.212460e+00 +7.247039e+00 +7.374348e+00 +7.309966e+00 
+inf +1.955304e+01 +2.024679e+01 +8.987349e+00 +9.406344e+00 +7.405130e+00 +6.151121e+00 +5.705923e+00 +5.950468e+00 +6.282874e+00 +6.217830e+00 +6.694599e+00 +6.674470e+00 +6.998825e+00 +7.371425e+00 +7.447735e+00 +7.722956e+00 +8.062282e+00 +7.382434e+00 +6.460240e+00 +6.471703e+00 +6.350952e+00 +6.480003e+00 +6.471152e+00 +6.645994e+00 +6.786223e+00 +6.891876e+00 +6.877670e+00 +6.934313e+00 +6.701979e+00 +6.484103e+00 +6.621936e+00 +6.655772e+00 +6.647904e+00 +6.599299e+00 +6.426185e+00 +6.339266e+00 +6.135837e+00 +6.244945e+00 +6.279191e+00 
+inf +2.204186e+01 +2.149212e+01 +1.984532e+01 +1.282403e+01 +8.293556e+00 +8.416192e+00 +8.171090e+00 +7.969263e+00 +6.078138e+00 +5.512544e+00 +5.362412e+00 +5.468772e+00 +5.689901e+00 +5.821376e+00 +6.137412e+00 +6.295802e+00 +5.789689e+00 +5.486129e+00 +5.737294e+00 +5.787882e+00 +5.879128e+00 +5.966222e+00 +6.205249e+00 +6.375927e+00 +6.518799e+00 +6.627521e+00 +6.812971e+00 +6.904608e+00 +7.070528e+00 +7.157156e+00 +6.789207e+00 +6.703186e+00 +6.653244e+00 +6.449685e+00 +6.311970e+00 +6.305325e+00 +6.252964e+00 +6.372623e+00 +6.474300e+00 
+inf +1.422746e+01 +1.556635e+01 +1.768483e+01 +1.952914e+01 +1.412515e+01 +1.457450e+01 +1.456995e+01 +9.195925e+00 +6.537822e+00 +6.702795e+00 +6.227987e+00 +6.187941e+00 +6.572789e+00 +6.779267e+00 +7.212275e+00 +7.479592e+00 +7.124207e+00 +6.994692e+00 +6.928890e+00 +6.960696e+00 +7.161613e+00 +7.237659e+00 +7.347116e+00 +7.412819e+00 +7.203057e+00 +7.099169e+00 +7.274033e+00 +7.311004e+00 +7.478360e+00 +7.617927e+00 +7.802259e+00 +7.938119e+00 +7.973666e+00 +8.025533e+00 +8.072090e+00 +8.131227e+00 +8.119013e+00 +7.965652e+00 +8.027179e+00 
+inf +1.959513e+01 +1.445674e+01 +1.098452e+01 +7.708861e+00 +9.013935e+00 +1.035346e+01 +8.041492e+00 +6.489945e+00 +6.062205e+00 +5.508070e+00 +5.370136e+00 +5.667722e+00 +5.353349e+00 +4.989663e+00 +5.216861e+00 +5.410297e+00 +5.460862e+00 +5.578140e+00 +5.789765e+00 +6.044361e+00 +6.212156e+00 +6.357277e+00 +6.472914e+00 +6.649220e+00 +6.798131e+00 +6.673487e+00 +6.427368e+00 +6.394560e+00 +6.467401e+00 +6.492577e+00 +6.638804e+00 +6.812281e+00 +6.667472e+00 +6.698983e+00 +6.755577e+00 +6.867428e+00 +6.974670e+00 +7.030764e+00 +6.936335e+00 
+inf +2.585277e+01 +2.874933e+01 +1.402140e+01 +1.512637e+01 +1.689528e+01 +1.692205e+01 +1.340572e+01 +1.122491e+01 +1.079591e+01 +1.102597e+01 +1.086471e+01 +1.090407e+01 +1.104037e+01 +1.147171e+01 +1.136515e+01 +1.126148e+01 +1.067502e+01 +1.041906e+01 +1.019089e+01 +9.814560e+00 +9.746552e+00 +9.975558e+00 +9.707887e+00 +9.823968e+00 +9.893540e+00 +9.989233e+00 +9.883042e+00 +9.885522e+00 +9.705269e+00 +9.624110e+00 +9.490057e+00 +9.653929e+00 +9.603980e+00 +9.262411e+00 +9.265212e+00 +9.160748e+00 +8.828044e+00 +8.755263e+00 +8.729119e+00 
+inf +2.018365e+01 +1.930112e+01 +2.112491e+01 +2.202982e+01 +1.754855e+01 +1.704157e+01 +1.676914e+01 +1.720555e+01 +1.725118e+01 +1.489214e+01 +1.329217e+01 +1.421170e+01 +1.445567e+01 +1.488372e+01 +1.515352e+01 +1.459700e+01 +1.498393e+01 +1.554906e+01 +1.578754e+01 +1.555503e+01 +1.444307e+01 +1.330163e+01 +1.269644e+01 +1.164639e+01 +1.147415e+01 +1.092489e+01 +1.035737e+01 +1.038413e+01 +1.065722e+01 +1.087798e+01 +1.113699e+01 +1.119653e+01 +1.106368e+01 +1.078727e+01 +9.583505e+00 +8.588209e+00 +7.386706e+00 +6.597302e+00 +6.520995e+00 
+inf +6.560012e+00 +6.915322e+00 +7.258499e+00 +8.196905e+00 +7.063189e+00 +6.356061e+00 +6.052225e+00 +6.826116e+00 +7.281931e+00 +7.717543e+00 +8.107044e+00 +8.641987e+00 +8.939930e+00 +9.214293e+00 +9.411583e+00 +8.816098e+00 +7.727860e+00 +7.239286e+00 +6.746604e+00 +6.725488e+00 +6.752241e+00 +7.001866e+00 +7.194708e+00 +7.396034e+00 +7.568474e+00 +7.680108e+00 +7.753296e+00 +7.999972e+00 +8.047529e+00 +7.938972e+00 +7.618932e+00 +7.210801e+00 +6.960202e+00 +6.826711e+00 +6.974039e+00 +7.103114e+00 +7.111607e+00 +7.171415e+00 +7.321249e+00 
+inf +1.111764e+01 +1.180837e+01 +1.498849e+01 +1.423466e+01 +1.214873e+01 +8.360192e+00 +7.831328e+00 +7.822647e+00 +6.910724e+00 +7.472053e+00 +6.952755e+00 +6.507483e+00 +6.206657e+00 +6.133755e+00 +6.337789e+00 +6.331626e+00 +6.381434e+00 +6.706163e+00 +6.954912e+00 +7.140416e+00 +7.284625e+00 +7.540792e+00 +7.641971e+00 +7.358121e+00 +7.388361e+00 +7.262916e+00 +7.423429e+00 +7.287216e+00 +7.286094e+00 +7.281466e+00 +7.441482e+00 +7.493904e+00 +7.529478e+00 +7.547205e+00 +7.543479e+00 +7.725313e+00 +7.888132e+00 +8.016619e+00 +7.983437e+00 
+inf +6.283917e+01 +1.715189e+01 +1.711666e+01 +1.048892e+01 +6.981974e+00 +6.516497e+00 +6.349962e+00 +6.128288e+00 +6.412652e+00 +6.356574e+00 +6.756320e+00 +7.285646e+00 +7.810412e+00 +8.075137e+00 +8.304509e+00 +8.383112e+00 +7.662568e+00 +7.311583e+00 +7.528632e+00 +7.880946e+00 +7.834058e+00 +7.872239e+00 +8.038973e+00 +8.164424e+00 +8.064341e+00 +8.039855e+00 +8.260973e+00 +8.486737e+00 +8.637572e+00 +8.812083e+00 +8.790769e+00 +8.729688e+00 +8.944112e+00 +9.024961e+00 +8.944947e+00 +9.048948e+00 +9.171144e+00 +9.238535e+00 +9.187383e+00 
+inf +4.365391e+01 +1.683551e+01 +1.669558e+01 +1.684364e+01 +1.833039e+01 +1.768645e+01 +1.920097e+01 +2.026721e+01 +1.924489e+01 +2.032672e+01 +1.582204e+01 +1.195915e+01 +1.096126e+01 +1.144931e+01 +1.132920e+01 +1.156491e+01 +1.137510e+01 +9.493825e+00 +8.922298e+00 +8.765502e+00 +8.781961e+00 +8.819069e+00 +9.153781e+00 +8.890254e+00 +8.890482e+00 +9.135848e+00 +9.032695e+00 +9.316550e+00 +9.097793e+00 +9.269225e+00 +9.357979e+00 +9.338746e+00 +9.163233e+00 +9.126363e+00 +9.230461e+00 +9.280303e+00 +9.065690e+00 +8.897520e+00 +9.092548e+00 
+inf +1.911252e+01 +5.519368e+00 +5.337272e+00 +5.025640e+00 +4.433993e+00 +4.848646e+00 +5.381816e+00 +5.927479e+00 +6.453063e+00 +6.757306e+00 +7.048794e+00 +6.844495e+00 +6.957281e+00 +7.134787e+00 +7.202110e+00 +7.395341e+00 +7.408430e+00 +7.618711e+00 +7.911519e+00 +8.223347e+00 +8.449537e+00 +8.757517e+00 +9.051727e+00 +9.067189e+00 +9.121788e+00 +9.291558e+00 +9.388029e+00 +9.439131e+00 +9.607410e+00 +9.796873e+00 +9.904028e+00 +9.879770e+00 +9.091008e+00 +8.772120e+00 +8.651517e+00 +8.603738e+00 +8.395175e+00 +8.120499e+00 +8.171738e+00 
+inf +3.023488e+01 +2.928709e+01 +1.933811e+01 +1.509425e+01 +1.549303e+01 +1.511584e+01 +1.641229e+01 +1.779613e+01 +1.537292e+01 +1.082623e+01 +8.900794e+00 +9.399266e+00 +1.000793e+01 +1.066933e+01 +1.072091e+01 +9.832635e+00 +1.016188e+01 +1.054305e+01 +1.095411e+01 +1.118717e+01 +1.118261e+01 +1.087400e+01 +1.045992e+01 +8.853675e+00 +8.890394e+00 +9.154197e+00 +9.081603e+00 +8.681074e+00 +8.654282e+00 +8.595899e+00 +8.488262e+00 +8.520559e+00 +8.329658e+00 +8.441846e+00 +8.382325e+00 +8.554631e+00 +8.394569e+00 +8.334379e+00 +8.271360e+00 
+inf +6.808296e+01 +4.136743e+01 +1.159198e+01 +1.237099e+01 +1.430654e+01 +1.573360e+01 +1.572601e+01 +1.483864e+01 +1.358841e+01 +1.238029e+01 +1.074629e+01 +9.670120e+00 +9.876815e+00 +1.020964e+01 +1.033993e+01 +1.075600e+01 +1.087949e+01 +1.059686e+01 +1.034394e+01 +1.054262e+01 +1.032667e+01 +1.045189e+01 +1.070961e+01 +1.044409e+01 +1.047981e+01 +1.037603e+01 +9.959867e+00 +1.001121e+01 +1.032824e+01 +1.050336e+01 +9.698407e+00 +8.776401e+00 +8.405234e+00 +8.592866e+00 +8.695712e+00 +8.796223e+00 +8.904149e+00 +8.976402e+00 +9.009285e+00 
+inf +1.897130e+01 +2.032964e+01 +1.357658e+01 +9.946352e+00 +8.108189e+00 +8.616957e+00 +8.456650e+00 +8.685094e+00 +8.823514e+00 +8.662355e+00 +7.985524e+00 +8.433684e+00 +8.473723e+00 +8.270393e+00 +8.573927e+00 +8.483539e+00 +8.076621e+00 +7.557617e+00 +7.691055e+00 +7.765801e+00 +8.013979e+00 +8.054438e+00 +8.012991e+00 +8.252234e+00 +8.530594e+00 +8.725106e+00 +8.884232e+00 +8.946980e+00 +9.087035e+00 +9.178378e+00 +9.305775e+00 +9.292810e+00 +9.211271e+00 +9.265580e+00 +9.194470e+00 +9.056463e+00 +9.098423e+00 +9.318433e+00 +9.480410e+00 
+inf +3.759730e+01 +1.594220e+01 +1.290587e+01 +7.180661e+00 +6.750509e+00 +6.683608e+00 +6.836915e+00 +7.397091e+00 +7.940496e+00 +8.574404e+00 +8.805244e+00 +9.229441e+00 +8.805694e+00 +8.602159e+00 +8.441903e+00 +8.676312e+00 +8.872287e+00 +9.082125e+00 +9.311684e+00 +9.638622e+00 +9.790959e+00 +9.832844e+00 +1.010770e+01 +1.044489e+01 +1.072648e+01 +1.078451e+01 +1.097509e+01 +1.102946e+01 +1.103067e+01 +1.114426e+01 +1.125295e+01 +1.120208e+01 +1.084002e+01 +1.060978e+01 +1.043884e+01 +1.055293e+01 +1.073212e+01 +1.088279e+01 +1.093659e+01 
+inf +1.438723e+01 +1.481862e+01 +1.379806e+01 +1.340113e+01 +1.079253e+01 +1.162899e+01 +1.027718e+01 +9.087025e+00 +9.182601e+00 +9.666217e+00 +1.016701e+01 +1.066051e+01 +1.129923e+01 +1.173708e+01 +1.191454e+01 +1.182081e+01 +1.090043e+01 +1.084284e+01 +1.072571e+01 +1.082835e+01 +1.087112e+01 +1.108733e+01 +1.153473e+01 +1.188078e+01 +1.217975e+01 +1.198724e+01 +1.066443e+01 +9.643695e+00 +9.641015e+00 +9.312634e+00 +8.878145e+00 +8.620660e+00 +8.787318e+00 +8.942783e+00 +9.079674e+00 +9.132635e+00 +9.320285e+00 +9.527971e+00 +9.523971e+00 
+inf +3.092979e+01 +1.455224e+01 +7.192258e+00 +7.757456e+00 +7.524505e+00 +7.324328e+00 +7.592079e+00 +7.687774e+00 +6.781055e+00 +5.332068e+00 +5.497231e+00 +5.719495e+00 +5.871334e+00 +5.911978e+00 +6.039847e+00 +5.742785e+00 +6.009372e+00 +6.194256e+00 +6.258793e+00 +6.483214e+00 +6.604596e+00 +6.884255e+00 +7.132426e+00 +7.300323e+00 +7.193759e+00 +7.097763e+00 +7.185119e+00 +7.342220e+00 +7.447635e+00 +7.470110e+00 +7.428288e+00 +7.351228e+00 +7.419691e+00 +7.395373e+00 +7.388142e+00 +7.406731e+00 +7.327291e+00 +7.316288e+00 +7.465063e+00 
+inf +1.855771e+01 +2.290698e+01 +1.652746e+01 +1.197818e+01 +1.043118e+01 +8.502039e+00 +7.981744e+00 +7.546480e+00 +8.219027e+00 +8.317232e+00 +7.712398e+00 +7.780503e+00 +8.293490e+00 +8.530534e+00 +8.941565e+00 +9.428973e+00 +9.532804e+00 +9.383108e+00 +9.744842e+00 +9.972320e+00 +1.004722e+01 +1.035001e+01 +1.061829e+01 +1.101442e+01 +1.133251e+01 +1.160402e+01 +1.190483e+01 +1.190070e+01 +1.180343e+01 +1.187669e+01 +1.194304e+01 +1.132777e+01 +1.093978e+01 +1.090252e+01 +1.066894e+01 +1.009913e+01 +1.019585e+01 +1.022847e+01 +1.035926e+01 
+inf +3.172603e+01 +1.240635e+01 +9.112276e+00 +1.097222e+01 +1.169912e+01 +1.185217e+01 +1.046609e+01 +8.999832e+00 +6.709084e+00 +5.895546e+00 +5.497802e+00 +5.753650e+00 +5.899698e+00 +5.702263e+00 +5.201697e+00 +5.354117e+00 +5.596830e+00 +5.578595e+00 +5.725974e+00 +5.798759e+00 +5.876352e+00 +5.980591e+00 +6.045742e+00 +6.130419e+00 +6.188669e+00 +6.285002e+00 +6.377769e+00 +6.456427e+00 +6.481050e+00 +6.256509e+00 +6.036692e+00 +6.092028e+00 +6.196480e+00 +6.248021e+00 +6.279517e+00 +6.419924e+00 +6.429062e+00 +6.533813e+00 +6.570553e+00 
+inf +2.759263e+01 +3.095426e+01 +1.234583e+01 +1.426979e+01 +1.194553e+01 +1.278916e+01 +1.462742e+01 +1.382634e+01 +1.418427e+01 +1.374852e+01 +1.247127e+01 +1.242458e+01 +1.242863e+01 +1.274584e+01 +1.266433e+01 +1.197092e+01 +1.125836e+01 +1.138408e+01 +1.140388e+01 +1.131978e+01 +1.167739e+01 +1.144263e+01 +1.092074e+01 +1.110282e+01 +1.085027e+01 +1.046422e+01 +1.057175e+01 +1.068682e+01 +1.010119e+01 +9.345891e+00 +8.834085e+00 +9.028369e+00 +9.213787e+00 +9.382447e+00 +9.610888e+00 +9.701970e+00 +9.818298e+00 +9.905826e+00 +9.953937e+00 
+inf +3.207631e+01 +1.203921e+01 +8.631860e+00 +7.487118e+00 +4.477958e+00 +3.940859e+00 +4.315480e+00 +4.686205e+00 +5.136477e+00 +5.513557e+00 +5.922860e+00 +6.383580e+00 +6.677509e+00 +6.804647e+00 +7.097809e+00 +7.471013e+00 +7.559650e+00 +7.853748e+00 +7.735650e+00 +7.246276e+00 +6.893154e+00 +6.806078e+00 +6.573449e+00 +6.423684e+00 +6.634948e+00 +6.757600e+00 +6.845929e+00 +7.064133e+00 +7.082756e+00 +6.832834e+00 +6.296697e+00 +6.166936e+00 +6.138628e+00 +6.276360e+00 +6.409904e+00 +6.500574e+00 +6.654111e+00 +6.700749e+00 +6.841811e+00 
+inf +2.059853e+01 +7.646756e+00 +5.730441e+00 +6.583771e+00 +7.843341e+00 +8.054244e+00 +8.526334e+00 +9.437662e+00 +9.834296e+00 +1.072026e+01 +1.159222e+01 +1.246148e+01 +1.236442e+01 +1.200383e+01 +1.067629e+01 +1.088916e+01 +1.116730e+01 +1.167633e+01 +1.224991e+01 +1.241208e+01 +1.225243e+01 +1.232236e+01 +1.212064e+01 +1.253093e+01 +1.232648e+01 +1.114557e+01 +1.072592e+01 +1.002468e+01 +1.010480e+01 +1.033891e+01 +1.058356e+01 +1.053053e+01 +9.703988e+00 +9.445993e+00 +9.544210e+00 +9.355321e+00 +9.381614e+00 +9.532086e+00 +9.723832e+00 
+inf +2.702443e+01 +2.566538e+01 +1.720257e+01 +1.419029e+01 +1.290964e+01 +1.300528e+01 +1.467777e+01 +1.573130e+01 +1.717992e+01 +1.697122e+01 +1.804584e+01 +1.910601e+01 +1.939893e+01 +1.993025e+01 +2.053033e+01 +1.968991e+01 +1.942008e+01 +1.983422e+01 +1.960553e+01 +1.549726e+01 +1.250645e+01 +1.070128e+01 +9.292044e+00 +8.458178e+00 +7.422583e+00 +7.112843e+00 +7.068619e+00 +7.239038e+00 +7.279733e+00 +7.231734e+00 +7.340945e+00 +7.487619e+00 +7.692085e+00 +7.821570e+00 +7.968792e+00 +7.838053e+00 +7.785190e+00 +7.892695e+00 +8.022196e+00 
+inf +5.815796e+01 +1.469088e+01 +1.214856e+01 +1.306575e+01 +1.254210e+01 +1.202685e+01 +1.341236e+01 +1.370939e+01 +1.414547e+01 +1.533867e+01 +1.404362e+01 +1.191414e+01 +1.019899e+01 +1.071131e+01 +1.121225e+01 +1.107384e+01 +1.103687e+01 +9.832386e+00 +9.152376e+00 +9.048461e+00 +9.193819e+00 +9.472689e+00 +9.754331e+00 +9.971731e+00 +1.024185e+01 +1.047910e+01 +1.051498e+01 +1.063421e+01 +1.087685e+01 +1.102606e+01 +1.134757e+01 +1.160186e+01 +1.154487e+01 +1.125390e+01 +1.121297e+01 +1.124284e+01 +1.104737e+01 +1.059273e+01 +1.040084e+01 
+inf +1.108134e+01 +1.183262e+01 +7.304628e+00 +6.781060e+00 +7.832641e+00 +8.888718e+00 +9.383383e+00 +9.839347e+00 +9.382079e+00 +8.239794e+00 +6.818759e+00 +6.927350e+00 +7.135942e+00 +7.533285e+00 +7.334079e+00 +7.543584e+00 +7.704891e+00 +7.952533e+00 +8.307631e+00 +8.588873e+00 +8.780301e+00 +9.061498e+00 +9.020965e+00 +8.595552e+00 +8.726572e+00 +8.843824e+00 +9.141138e+00 +9.278953e+00 +9.268554e+00 +9.356409e+00 +9.226823e+00 +9.414935e+00 +9.640740e+00 +9.788086e+00 +9.860507e+00 +1.000708e+01 +1.015750e+01 +1.032342e+01 +1.016942e+01 
+inf +3.250840e+01 +1.157012e+01 +1.031654e+01 +9.532642e+00 +7.842910e+00 +7.498349e+00 +8.244047e+00 +8.718975e+00 +8.798891e+00 +8.920285e+00 +8.556036e+00 +8.224807e+00 +7.789513e+00 +6.816689e+00 +6.899962e+00 +7.159004e+00 +7.255977e+00 +7.633628e+00 +7.865830e+00 +8.171315e+00 +8.313780e+00 +8.417329e+00 +8.408541e+00 +7.683280e+00 +7.243085e+00 +7.075873e+00 +6.951001e+00 +7.090388e+00 +6.768409e+00 +6.710628e+00 +6.828552e+00 +6.964216e+00 +7.152006e+00 +7.251131e+00 +7.360374e+00 +7.437472e+00 +7.554741e+00 +7.722448e+00 +7.732945e+00 
+inf +2.535248e+01 +1.877521e+01 +2.268070e+01 +1.857793e+01 +1.436365e+01 +1.253121e+01 +1.275307e+01 +1.311302e+01 +1.344725e+01 +1.431934e+01 +1.463455e+01 +1.487633e+01 +1.363313e+01 +1.358908e+01 +1.302997e+01 +1.303535e+01 +1.237990e+01 +1.219493e+01 +1.233797e+01 +1.261080e+01 +1.274323e+01 +1.272299e+01 +1.286754e+01 +1.311997e+01 +1.345157e+01 +1.256678e+01 +1.221851e+01 +1.249238e+01 +1.255516e+01 +1.248707e+01 +1.126525e+01 +1.064138e+01 +1.068881e+01 +1.002118e+01 +9.492811e+00 +9.483304e+00 +9.541148e+00 +9.452999e+00 +9.273027e+00 
+inf +7.004807e+01 +2.268331e+01 +1.710208e+01 +1.448117e+01 +1.466234e+01 +1.533480e+01 +1.729781e+01 +1.867108e+01 +1.595971e+01 +1.256090e+01 +1.150255e+01 +1.031541e+01 +9.110277e+00 +9.276607e+00 +9.716239e+00 +1.003645e+01 +1.025406e+01 +1.052251e+01 +1.051120e+01 +9.458929e+00 +9.385637e+00 +9.677089e+00 +9.836699e+00 +1.010949e+01 +1.028419e+01 +1.045783e+01 +1.059534e+01 +1.082605e+01 +1.081285e+01 +1.074696e+01 +9.978059e+00 +9.050456e+00 +8.537400e+00 +8.417958e+00 +8.608040e+00 +8.531181e+00 +8.249646e+00 +7.876766e+00 +7.403547e+00 
+inf +5.894256e+01 +2.444226e+01 +1.477836e+01 +1.558379e+01 +1.455063e+01 +1.153172e+01 +1.155169e+01 +1.215539e+01 +1.320813e+01 +1.250834e+01 +1.214749e+01 +1.163235e+01 +1.143703e+01 +1.170747e+01 +1.230111e+01 +1.268985e+01 +1.302321e+01 +1.338273e+01 +1.401601e+01 +1.422375e+01 +1.445504e+01 +1.443415e+01 +1.432432e+01 +1.381511e+01 +1.254357e+01 +1.204291e+01 +1.231916e+01 +1.198909e+01 +1.186985e+01 +1.221916e+01 +1.236911e+01 +1.269611e+01 +1.273001e+01 +1.249748e+01 +1.259226e+01 +1.266461e+01 +1.228313e+01 +1.169933e+01 +1.139733e+01 
+inf +1.817446e+01 +2.358276e+01 +2.333134e+01 +2.576955e+01 +2.394386e+01 +2.170887e+01 +1.600161e+01 +1.264791e+01 +7.300034e+00 +6.774745e+00 +6.538566e+00 +6.933743e+00 +6.923507e+00 +6.885023e+00 +6.812285e+00 +6.849398e+00 +7.055367e+00 +7.188876e+00 +6.950139e+00 +6.916930e+00 +7.196496e+00 +7.414310e+00 +7.522525e+00 +7.423543e+00 +7.332813e+00 +7.526364e+00 +7.741173e+00 +7.987671e+00 +8.223999e+00 +8.299990e+00 +8.512484e+00 +8.623457e+00 +8.259587e+00 +7.860288e+00 +7.564733e+00 +7.274092e+00 +7.011876e+00 +7.047659e+00 +7.033638e+00 
+inf +1.050654e+01 +1.758449e+01 +2.068777e+01 +2.304607e+01 +2.674563e+01 +2.298440e+01 +2.114795e+01 +1.986398e+01 +1.838439e+01 +1.795148e+01 +1.861496e+01 +1.659789e+01 +1.709851e+01 +1.635276e+01 +1.663938e+01 +1.521175e+01 +1.414937e+01 +1.281804e+01 +1.189262e+01 +1.169203e+01 +1.108322e+01 +1.131142e+01 +1.159919e+01 +1.171147e+01 +1.135479e+01 +1.134423e+01 +1.167161e+01 +1.184265e+01 +1.212896e+01 +1.211893e+01 +1.218765e+01 +1.246119e+01 +1.263931e+01 +1.296301e+01 +1.324218e+01 +1.352187e+01 +1.370806e+01 +1.357968e+01 +1.357683e+01 
+inf +3.978570e+01 +3.386378e+01 +2.300433e+01 +1.545812e+01 +9.842790e+00 +8.068064e+00 +5.871846e+00 +6.209936e+00 +6.568020e+00 +7.230038e+00 +7.424963e+00 +7.046800e+00 +7.125874e+00 +7.453420e+00 +7.776200e+00 +8.031196e+00 +7.451056e+00 +7.044096e+00 +7.123743e+00 +7.448835e+00 +7.729505e+00 +8.019711e+00 +8.200744e+00 +8.288794e+00 +8.187170e+00 +8.235940e+00 +8.437403e+00 +8.522547e+00 +8.703895e+00 +8.658714e+00 +8.533176e+00 +8.391903e+00 +8.406886e+00 +8.022300e+00 +8.085596e+00 +8.017707e+00 +7.661161e+00 +7.653651e+00 +7.814383e+00 
+inf +3.005425e+01 +6.565447e+00 +8.022699e+00 +8.265441e+00 +9.495671e+00 +9.041395e+00 +8.756354e+00 +9.051490e+00 +8.924390e+00 +7.637368e+00 +8.007596e+00 +8.645181e+00 +9.315557e+00 +9.983638e+00 +1.060851e+01 +1.094294e+01 +1.038776e+01 +1.069475e+01 +1.043081e+01 +9.673564e+00 +9.475802e+00 +9.266670e+00 +9.038474e+00 +8.941630e+00 +9.200806e+00 +9.422825e+00 +9.349728e+00 +9.665965e+00 +9.955512e+00 +1.013974e+01 +1.030870e+01 +1.056156e+01 +1.071892e+01 +1.056806e+01 +1.053903e+01 +1.067830e+01 +1.070440e+01 +1.046037e+01 +1.043185e+01 
+inf +2.835627e+01 +3.247414e+01 +2.113410e+01 +1.081057e+01 +9.463033e+00 +8.953240e+00 +9.669272e+00 +1.027622e+01 +1.002661e+01 +9.198098e+00 +8.672335e+00 +8.864537e+00 +8.999442e+00 +9.389750e+00 +9.952472e+00 +9.968696e+00 +1.018420e+01 +9.973530e+00 +9.701027e+00 +1.008143e+01 +1.043600e+01 +1.068949e+01 +1.107652e+01 +1.115267e+01 +1.109419e+01 +1.100719e+01 +1.117684e+01 +1.135422e+01 +1.160646e+01 +1.173412e+01 +1.208369e+01 +1.236479e+01 +1.234916e+01 +1.222936e+01 +1.177624e+01 +1.099347e+01 +1.086377e+01 +1.028927e+01 +1.010385e+01 
+inf +4.487525e+01 +4.966077e+01 +3.799956e+01 +2.696322e+01 +2.565569e+01 +1.932231e+01 +1.468054e+01 +1.203149e+01 +1.133494e+01 +9.014785e+00 +7.664101e+00 +7.567760e+00 +7.603407e+00 +7.972640e+00 +8.372939e+00 +8.440045e+00 +8.497282e+00 +8.797190e+00 +9.116939e+00 +9.114032e+00 +9.266242e+00 +9.600641e+00 +9.662774e+00 +9.629461e+00 +9.534565e+00 +9.259711e+00 +9.147545e+00 +9.312824e+00 +9.572127e+00 +9.800860e+00 +1.001143e+01 +1.028078e+01 +1.045922e+01 +1.069322e+01 +1.072623e+01 +1.089588e+01 +1.095746e+01 +1.097944e+01 +1.096337e+01 
+inf +6.505914e+01 +3.672533e+01 +2.790076e+01 +2.737916e+01 +2.800928e+01 +3.055907e+01 +3.244463e+01 +3.234812e+01 +2.708197e+01 +2.184088e+01 +1.934253e+01 +1.685616e+01 +1.343173e+01 +9.395840e+00 +8.213790e+00 +7.674897e+00 +7.205447e+00 +7.103650e+00 +7.197951e+00 +7.498701e+00 +7.797088e+00 +8.072419e+00 +8.330714e+00 +8.310251e+00 +8.365975e+00 +8.514802e+00 +8.556867e+00 +8.730931e+00 +8.859794e+00 +9.117592e+00 +9.223239e+00 +9.254342e+00 +9.507424e+00 +9.515245e+00 +9.544111e+00 +9.763639e+00 +9.902362e+00 +9.848352e+00 +9.833158e+00 
+inf +1.705250e+02 +2.868298e+01 +3.565797e+01 +1.960974e+01 +1.883155e+01 +1.989362e+01 +2.066278e+01 +2.116066e+01 +2.183107e+01 +2.247943e+01 +2.338536e+01 +2.342336e+01 +2.454401e+01 +2.350581e+01 +2.317327e+01 +2.330709e+01 +2.398910e+01 +2.459942e+01 +2.475915e+01 +2.471334e+01 +2.381512e+01 +2.331925e+01 +2.406292e+01 +2.475221e+01 +2.540190e+01 +2.584214e+01 +2.545920e+01 +2.573631e+01 +2.437014e+01 +2.325347e+01 +2.352596e+01 +2.392999e+01 +2.424556e+01 +2.446266e+01 +2.337538e+01 +2.292917e+01 +2.039815e+01 +1.753004e+01 +1.693600e+01 
+inf +2.036640e+01 +1.890435e+01 +2.135807e+01 +2.022996e+01 +2.011127e+01 +2.204407e+01 +1.725547e+01 +1.279449e+01 +1.274215e+01 +1.213228e+01 +9.686650e+00 +9.327842e+00 +9.742358e+00 +9.338310e+00 +8.985883e+00 +9.533250e+00 +1.004469e+01 +1.058836e+01 +1.096646e+01 +1.022670e+01 +9.051877e+00 +8.828504e+00 +8.843068e+00 +8.904645e+00 +9.247803e+00 +9.538629e+00 +9.777533e+00 +9.620241e+00 +9.308696e+00 +8.903475e+00 +8.856841e+00 +8.750083e+00 +8.790454e+00 +8.977448e+00 +9.089450e+00 +9.114242e+00 +8.808213e+00 +8.292579e+00 +7.789491e+00 
+inf +5.897058e+01 +3.524850e+01 +2.097687e+01 +2.268019e+01 +2.325797e+01 +2.044959e+01 +1.958335e+01 +1.988746e+01 +2.118223e+01 +1.888740e+01 +1.736219e+01 +1.711583e+01 +1.778846e+01 +1.698105e+01 +1.528663e+01 +1.598860e+01 +1.684501e+01 +1.690200e+01 +1.605987e+01 +1.488730e+01 +1.357710e+01 +1.376285e+01 +1.419278e+01 +1.386443e+01 +1.270446e+01 +1.234017e+01 +1.175709e+01 +1.104874e+01 +9.968885e+00 +9.883515e+00 +9.953187e+00 +1.020535e+01 +1.043879e+01 +1.071604e+01 +1.083930e+01 +1.102843e+01 +1.119032e+01 +1.130365e+01 +1.139626e+01 
