0.25           4.42456      +2.008329e+00, +2.471901e+00, +4.480229e+00 
+3.500000e-01 +2.744302e+00 +1.440970e+00, +1.724637e+00, +3.165607e+00 
+4.500000e-01 +1.790926e+00 +1.127878e+00, +8.622804e-01, +1.990158e+00 
+5.500000e-01 +1.552315e+00 +9.298451e-01, +1.261387e+00, +2.191232e+00 
+6.500000e-01 +1.295908e+00 +7.934653e-01, +6.107674e-01, +1.404233e+00 
+7.500000e-01 +9.445835e-01 +6.951297e-01, +6.049219e-01, +1.300052e+00 
+8.500000e-01 +7.736039e-01 +6.223975e-01, +5.523086e-01, +1.174706e+00 
+9.500000e-01 +6.641321e-01 +5.628135e-01, +5.137650e-01, +1.076579e+00 
+1.050000e+00 +6.338358e-01 +5.150619e-01, +4.329206e-01, +9.479824e-01 
+1.150000e+00 +6.119397e-01 +4.789875e-01, +4.698841e-01, +9.488716e-01 
+1.250000e+00 +6.076469e-01 +4.457766e-01, +4.565451e-01, +9.023217e-01 
+1.350000e+00 +6.227134e-01 +4.201984e-01, +3.729549e-01, +7.931533e-01 
+1.450000e+00 +5.770710e-01 +3.990457e-01, +4.924338e-01, +8.914795e-01 
+1.550000e+00 +4.964639e-01 +3.815469e-01, +3.479095e-01, +7.294564e-01 
+1.650000e+00 +4.432031e-01 +3.683285e-01, +4.036245e-01, +7.719530e-01 
+1.750000e+00 +4.082247e-01 +3.510682e-01, +3.613181e-01, +7.123863e-01 
+1.850000e+00 +4.527285e-01 +3.350958e-01, +3.064735e-01, +6.415694e-01 
+1.950000e+00 +4.624182e-01 +3.237011e-01, +3.547761e-01, +6.784772e-01 
+2.050000e+00 +3.458947e-01 +3.221226e-01, +3.101473e-01, +6.322698e-01 
+2.150000e+00 +4.246068e-01 +3.076685e-01, +2.908588e-01, +5.985273e-01 
+2.250000e+00 +3.312024e-01 +3.057957e-01, +3.171834e-01, +6.229791e-01 
+2.350000e+00 +3.024364e-01 +2.988551e-01, +3.045043e-01, +6.033594e-01 
+2.450000e+00 +4.124616e-01 +2.871246e-01, +2.712859e-01, +5.584105e-01 
+2.550000e+00 +2.607441e-01 +2.891903e-01, +2.707318e-01, +5.599221e-01 
+2.650000e+00 +3.181268e-01 +2.823608e-01, +2.482740e-01, +5.306348e-01 
+2.750000e+00 +2.393091e-01 +2.836069e-01, +2.658539e-01, +5.494608e-01 
+2.850000e+00 +2.634487e-01 +2.761557e-01, +2.584460e-01, +5.346017e-01 
+2.950000e+00 +2.861120e-01 +2.710813e-01, +2.885082e-01, +5.595895e-01 
+3.050000e+00 +3.162953e-01 +2.706718e-01, +2.668424e-01, +5.375142e-01 
+3.150000e+00 +3.812857e-01 +2.560353e-01, +2.715960e-01, +5.276313e-01 
+3.250000e+00 +2.947407e-01 +2.656911e-01, +2.721310e-01, +5.378221e-01 
+3.350000e+00 +2.693621e-01 +2.597435e-01, +2.719958e-01, +5.317392e-01 
+3.450000e+00 +2.918310e-01 +2.523957e-01, +2.502372e-01, +5.026329e-01 
+3.550000e+00 +2.878759e-01 +2.537565e-01, +2.345159e-01, +4.882724e-01 
+3.650000e+00 +2.447392e-01 +2.649391e-01, +2.758538e-01, +5.407929e-01 
+3.750000e+00 +3.450052e-01 +2.389249e-01, +2.396203e-01, +4.785452e-01 
+3.850000e+00 +2.444329e-01 +2.471885e-01, +2.393816e-01, +4.865701e-01 
+3.950000e+00 +2.971939e-01 +2.496229e-01, +2.373722e-01, +4.869950e-01 
+4.050000e+00 +2.665666e-01 +2.495509e-01, +2.556876e-01, +5.052385e-01 
+4.150000e+00 +2.499704e-01 +2.539086e-01, +2.619065e-01, +5.158151e-01 
+4.250000e+00 +2.571152e-01 +2.475899e-01, +2.537053e-01, +5.012952e-01 
+4.350000e+00 +2.219031e-01 +2.549855e-01, +2.331937e-01, +4.881791e-01 
+4.450000e+00 +2.539091e-01 +2.442942e-01, +2.419306e-01, +4.862249e-01 
+4.550000e+00 +2.507346e-01 +2.459296e-01, +2.545419e-01, +5.004715e-01 
+4.650000e+00 +2.171966e-01 +2.588635e-01, +2.875081e-01, +5.463716e-01 
+4.750000e+00 +2.660793e-01 +2.486939e-01, +2.480102e-01, +4.967041e-01 
+4.850000e+00 +2.060988e-01 +2.535498e-01, +2.616931e-01, +5.152429e-01 
+4.950000e+00 +2.663435e-01 +2.443354e-01, +2.458835e-01, +4.902190e-01 
+5.050000e+00 +2.595520e-01 +2.319415e-01, +2.156718e-01, +4.476133e-01 
+5.150000e+00 +2.379589e-01 +2.364490e-01, +2.494023e-01, +4.858513e-01 
+5.250000e+00 +2.256464e-01 +2.398597e-01, +2.486755e-01, +4.885352e-01 
+5.350000e+00 +2.644869e-01 +2.286269e-01, +2.135329e-01, +4.421598e-01 
+5.450000e+00 +2.934575e-01 +2.247866e-01, +2.249215e-01, +4.497081e-01 
+5.550000e+00 +2.511697e-01 +2.386186e-01, +2.526571e-01, +4.912757e-01 
+5.650000e+00 +2.654796e-01 +2.364677e-01, +2.267256e-01, +4.631933e-01 
+5.750000e+00 +2.112313e-01 +2.428735e-01, +2.358909e-01, +4.787643e-01 
+5.850000e+00 +2.595780e-01 +2.258575e-01, +2.305850e-01, +4.564425e-01 
+5.950000e+00 +2.545873e-01 +2.316875e-01, +2.211014e-01, +4.527889e-01 
+6.050000e+00 +1.883486e-01 +2.497143e-01, +2.373622e-01, +4.870764e-01 
+6.150000e+00 +2.458104e-01 +2.290326e-01, +2.307772e-01, +4.598099e-01 
+6.250000e+00 +2.289642e-01 +2.376879e-01, +2.439189e-01, +4.816068e-01 
+6.350000e+00 +2.609551e-01 +2.275743e-01, +2.275153e-01, +4.550896e-01 
+6.450000e+00 +2.274631e-01 +2.211775e-01, +2.319509e-01, +4.531284e-01 
+6.550000e+00 +2.146793e-01 +2.480148e-01, +2.587839e-01, +5.067987e-01 
+6.650000e+00 +1.941074e-01 +2.427812e-01, +2.454865e-01, +4.882677e-01 
+6.750000e+00 +1.705629e-01 +2.513798e-01, +2.462716e-01, +4.976515e-01 
+6.850000e+00 +2.473277e-01 +2.222352e-01, +2.433691e-01, +4.656043e-01 
+6.950000e+00 +2.396140e-01 +2.308017e-01, +2.356993e-01, +4.665010e-01 
+7.050000e+00 +2.365520e-01 +2.161463e-01, +2.158756e-01, +4.320219e-01 
+7.150000e+00 +2.647579e-01 +2.195868e-01, +2.257689e-01, +4.453558e-01 
+7.250000e+00 +1.990299e-01 +2.455059e-01, +2.466042e-01, +4.921100e-01 
+7.350000e+00 +2.552188e-01 +2.175218e-01, +2.144689e-01, +4.319908e-01 
+7.450000e+00 +2.366757e-01 +2.251858e-01, +2.373954e-01, +4.625812e-01 
+7.550000e+00 +2.243622e-01 +2.205884e-01, +2.240470e-01, +4.446354e-01 
+7.650000e+00 +2.258142e-01 +2.188213e-01, +2.180761e-01, +4.368975e-01 
+7.750000e+00 +2.324100e-01 +2.187164e-01, +2.115991e-01, +4.303154e-01 
+7.850000e+00 +2.267351e-01 +2.202987e-01, +2.185101e-01, +4.388087e-01 
+7.950000e+00 +2.484041e-01 +2.114491e-01, +2.181544e-01, +4.296035e-01 
+8.050000e+00 +2.510455e-01 +2.112727e-01, +2.234638e-01, +4.347365e-01 
+8.150000e+00 +2.137603e-01 +2.331884e-01, +2.414152e-01, +4.746035e-01 
+8.250000e+00 +2.601925e-01 +1.958495e-01, +1.965242e-01, +3.923737e-01 
+8.350000e+00 +2.447802e-01 +2.123810e-01, +2.095366e-01, +4.219176e-01 
+8.450000e+00 +2.602401e-01 +2.029379e-01, +1.915442e-01, +3.944822e-01 
+8.550000e+00 +2.013913e-01 +2.211867e-01, +2.122204e-01, +4.334071e-01 
+8.650000e+00 +2.492352e-01 +1.922372e-01, +1.957382e-01, +3.879754e-01 
+8.750000e+00 +2.272666e-01 +2.091729e-01, +1.937679e-01, +4.029409e-01 
+8.850000e+00 +2.286173e-01 +2.074230e-01, +2.085841e-01, +4.160071e-01 
+8.950000e+00 +2.193299e-01 +2.153833e-01, +2.046886e-01, +4.200719e-01 
+9.050000e+00 +2.133741e-01 +2.139708e-01, +2.222700e-01, +4.362408e-01 
+9.150000e+00 +2.572444e-01 +1.846942e-01, +1.872141e-01, +3.719082e-01 
+9.250000e+00 +2.221717e-01 +2.139753e-01, +2.063067e-01, +4.202820e-01 
+9.350000e+00 +2.316684e-01 +2.082790e-01, +2.048040e-01, +4.130830e-01 
+9.450000e+00 +2.391034e-01 +1.876619e-01, +1.874055e-01, +3.750674e-01 
+9.550000e+00 +2.214571e-01 +2.017810e-01, +2.072608e-01, +4.090418e-01 
+9.650000e+00 +2.109357e-01 +2.046867e-01, +2.039970e-01, +4.086836e-01 
+9.750000e+00 +2.216022e-01 +2.157190e-01, +2.252875e-01, +4.410065e-01 
+9.850000e+00 +2.163045e-01 +2.053061e-01, +2.064595e-01, +4.117655e-01 
+9.950000e+00 +2.335910e-01 +2.076624e-01, +2.280158e-01, +4.356781e-01 
+1.005000e+01 +1.893701e-01 +2.279348e-01, +2.234912e-01, +4.514259e-01 
+1.015000e+01 +2.114100e-01 +2.028872e-01, +2.103778e-01, +4.132650e-01 
