+1.002032e-01  +1.000000e-01  +2.811285e-01  +1.404440e-01  +4.215725e-01
+3.001118e-01  +3.000000e-01  +2.998442e-01  +1.503466e-01  +4.501908e-01
+4.999991e-01  +5.000000e-01  +3.623494e-01  +1.789012e-01  +5.412507e-01
+6.998672e-01  +7.000000e-01  +4.454339e-01  +2.197713e-01  +6.652052e-01
+9.003312e-01  +9.000000e-01  +5.357895e-01  +2.681668e-01  +8.039563e-01
+1.099553e+00  +1.100000e+00  +6.265945e-01  +3.011908e-01  +9.277852e-01
+1.299331e+00  +1.300000e+00  +7.221252e-01  +3.602912e-01  +1.082416e+00
+1.498575e+00  +1.500000e+00  +8.183783e-01  +4.155930e-01  +1.233971e+00
+1.700074e+00  +1.700000e+00  +9.149398e-01  +4.770362e-01  +1.391976e+00
+1.900039e+00  +1.900000e+00  +1.009433e+00  +4.965252e-01  +1.505958e+00
+2.099939e+00  +2.100000e+00  +1.106929e+00  +5.434400e-01  +1.650369e+00
+2.298849e+00  +2.300000e+00  +1.203890e+00  +5.843296e-01  +1.788220e+00
+2.499273e+00  +2.500000e+00  +1.301368e+00  +6.209379e-01  +1.922306e+00
+2.700831e+00  +2.700000e+00  +1.399408e+00  +6.762004e-01  +2.075608e+00
+2.901062e+00  +2.900000e+00  +1.499258e+00  +7.501466e-01  +2.249404e+00
+3.100500e+00  +3.100000e+00  +1.597885e+00  +8.174577e-01  +2.415343e+00
+3.299101e+00  +3.300000e+00  +1.694547e+00  +7.957351e-01  +2.490282e+00
+3.500693e+00  +3.500000e+00  +1.794722e+00  +8.992495e-01  +2.693972e+00
+3.699210e+00  +3.700000e+00  +1.893228e+00  +9.345318e-01  +2.827760e+00
+3.898636e+00  +3.900000e+00  +1.992782e+00  +1.016098e+00  +3.008879e+00
+4.099315e+00  +4.100000e+00  +2.089938e+00  +9.721942e-01  +3.062133e+00
+4.299308e+00  +4.300000e+00  +2.190380e+00  +1.082919e+00  +3.273300e+00
+4.499055e+00  +4.500000e+00  +2.290059e+00  +1.161400e+00  +3.451459e+00
+4.700881e+00  +4.700000e+00  +2.389904e+00  +1.252489e+00  +3.642393e+00
+4.897074e+00  +4.900000e+00  +2.485438e+00  +1.094724e+00  +3.580161e+00
+5.100300e+00  +5.100000e+00  +2.586662e+00  +1.263269e+00  +3.849931e+00
+5.300764e+00  +5.300000e+00  +2.685749e+00  +1.292858e+00  +3.978607e+00
+5.501541e+00  +5.500000e+00  +2.786509e+00  +1.422539e+00  +4.209048e+00
+5.701864e+00  +5.700000e+00  +2.886717e+00  +1.542737e+00  +4.429455e+00
+5.900048e+00  +5.900000e+00  +2.983836e+00  +1.423275e+00  +4.407111e+00
+6.098350e+00  +6.100000e+00  +3.083700e+00  +1.513679e+00  +4.597378e+00
+6.298176e+00  +6.300000e+00  +3.184474e+00  +1.659007e+00  +4.843481e+00
+6.497481e+00  +6.500000e+00  +3.282632e+00  +1.608023e+00  +4.890655e+00
+6.699029e+00  +6.700000e+00  +3.383280e+00  +1.762957e+00  +5.146236e+00
+6.901372e+00  +6.900000e+00  +3.482732e+00  +1.829123e+00  +5.311855e+00
+7.102326e+00  +7.100000e+00  +3.582856e+00  +1.891784e+00  +5.474640e+00
+7.302997e+00  +7.300000e+00  +3.680769e+00  +1.804107e+00  +5.484876e+00
+7.497036e+00  +7.500000e+00  +3.780119e+00  +1.879094e+00  +5.659213e+00
+7.700919e+00  +7.700000e+00  +3.880119e+00  +1.944019e+00  +5.824138e+00
+7.898522e+00  +7.900000e+00  +3.979857e+00  +1.974281e+00  +5.954138e+00
+8.100870e+00  +8.100000e+00  +4.080551e+00  +2.078101e+00  +6.158652e+00
+8.300087e+00  +8.300000e+00  +4.179305e+00  +2.038657e+00  +6.217962e+00
+8.497124e+00  +8.500000e+00  +4.279568e+00  +2.201481e+00  +6.481049e+00
+8.701634e+00  +8.700000e+00  +4.378529e+00  +2.166052e+00  +6.544581e+00
+8.898238e+00  +8.900000e+00  +4.478615e+00  +2.304586e+00  +6.783200e+00
+9.098975e+00  +9.100000e+00  +4.577654e+00  +2.228637e+00  +6.806292e+00
+9.299218e+00  +9.300000e+00  +4.678767e+00  +2.522901e+00  +7.201668e+00
+9.498809e+00  +9.500000e+00  +4.777426e+00  +2.458669e+00  +7.236095e+00
+9.697187e+00  +9.700000e+00  +4.876807e+00  +2.431518e+00  +7.308325e+00
+9.901068e+00  +9.900000e+00  +4.976611e+00  +2.472005e+00  +7.448617e+00
