+1.000577e-01  +1.000000e-01  +2.804995e-01  +1.405706e-01  +4.210700e-01
+3.002203e-01  +3.000000e-01  +2.982920e-01  +1.480716e-01  +4.463636e-01
+4.998217e-01  +5.000000e-01  +3.667268e-01  +1.884966e-01  +5.552234e-01
+7.002752e-01  +7.000000e-01  +4.470190e-01  +2.233608e-01  +6.703799e-01
+8.999248e-01  +9.000000e-01  +5.364932e-01  +2.714420e-01  +8.079352e-01
+1.099406e+00  +1.100000e+00  +6.295447e-01  +3.216474e-01  +9.511921e-01
+1.300140e+00  +1.300000e+00  +7.242162e-01  +3.785186e-01  +1.102735e+00
+1.500730e+00  +1.500000e+00  +8.168448e-01  +4.025546e-01  +1.219399e+00
+1.699081e+00  +1.700000e+00  +9.184233e-01  +5.162024e-01  +1.434626e+00
+1.899629e+00  +1.900000e+00  +1.010372e+00  +5.130053e-01  +1.523377e+00
+2.099615e+00  +2.100000e+00  +1.107853e+00  +5.535854e-01  +1.661438e+00
+2.299921e+00  +2.300000e+00  +1.204625e+00  +5.957852e-01  +1.800410e+00
+2.499693e+00  +2.500000e+00  +1.301334e+00  +6.206123e-01  +1.921946e+00
+2.699095e+00  +2.700000e+00  +1.400655e+00  +7.077659e-01  +2.108421e+00
+2.899682e+00  +2.900000e+00  +1.500291e+00  +7.911739e-01  +2.291465e+00
+3.098527e+00  +3.100000e+00  +1.596270e+00  +7.684531e-01  +2.364723e+00
+3.299920e+00  +3.300000e+00  +1.695223e+00  +8.310554e-01  +2.526278e+00
+3.500595e+00  +3.500000e+00  +1.796193e+00  +9.593689e-01  +2.755562e+00
+3.700727e+00  +3.700000e+00  +1.895247e+00  +9.929188e-01  +2.888166e+00
+3.900993e+00  +3.900000e+00  +1.993046e+00  +1.004496e+00  +2.997541e+00
+4.099784e+00  +4.100000e+00  +2.091890e+00  +1.064748e+00  +3.156637e+00
+4.298630e+00  +4.300000e+00  +2.189430e+00  +1.083199e+00  +3.272629e+00
+4.499484e+00  +4.500000e+00  +2.287953e+00  +1.071650e+00  +3.359602e+00
+4.700243e+00  +4.700000e+00  +2.390406e+00  +1.277322e+00  +3.667728e+00
+4.899534e+00  +4.900000e+00  +2.484950e+00  +1.061357e+00  +3.546307e+00
+5.099206e+00  +5.100000e+00  +2.589980e+00  +1.459846e+00  +4.049826e+00
+5.300162e+00  +5.300000e+00  +2.686704e+00  +1.345287e+00  +4.031991e+00
+5.499576e+00  +5.500000e+00  +2.782497e+00  +1.190409e+00  +3.972906e+00
+5.697450e+00  +5.700000e+00  +2.886644e+00  +1.519126e+00  +4.405770e+00
+5.900952e+00  +5.900000e+00  +2.984088e+00  +1.464113e+00  +4.448201e+00
+6.101299e+00  +6.100000e+00  +3.083545e+00  +1.501547e+00  +4.585092e+00
+6.300114e+00  +6.300000e+00  +3.181651e+00  +1.435225e+00  +4.616875e+00
+6.500444e+00  +6.500000e+00  +3.283620e+00  +1.706814e+00  +4.990434e+00
+6.699418e+00  +6.700000e+00  +3.379166e+00  +1.446632e+00  +4.825798e+00
+6.898289e+00  +6.900000e+00  +3.480196e+00  +1.571593e+00  +5.051789e+00
+7.098794e+00  +7.100000e+00  +3.580474e+00  +1.652909e+00  +5.233384e+00
+7.299792e+00  +7.300000e+00  +3.679363e+00  +1.702835e+00  +5.382197e+00
+7.500166e+00  +7.500000e+00  +3.779575e+00  +1.812358e+00  +5.591933e+00
+7.698991e+00  +7.700000e+00  +3.878531e+00  +1.775978e+00  +5.654509e+00
+7.902124e+00  +7.900000e+00  +3.977801e+00  +1.710656e+00  +5.688456e+00
+8.098605e+00  +8.100000e+00  +4.081126e+00  +2.225693e+00  +6.306819e+00
+8.296869e+00  +8.300000e+00  +4.178298e+00  +1.974576e+00  +6.152873e+00
+8.502779e+00  +8.500000e+00  +4.277870e+00  +2.085967e+00  +6.363837e+00
+8.702531e+00  +8.700000e+00  +4.379001e+00  +2.183822e+00  +6.562823e+00
+8.899914e+00  +8.900000e+00  +4.477839e+00  +2.203660e+00  +6.681499e+00
+9.100423e+00  +9.100000e+00  +4.577743e+00  +2.298410e+00  +6.876152e+00
+9.299248e+00  +9.300000e+00  +4.676933e+00  +2.174630e+00  +6.851563e+00
+9.499286e+00  +9.500000e+00  +4.778327e+00  +2.490206e+00  +7.268533e+00
+9.697228e+00  +9.700000e+00  +4.875314e+00  +2.184081e+00  +7.059394e+00
+9.899501e+00  +9.900000e+00  +4.977887e+00  +2.615943e+00  +7.593829e+00
