+9.981627e-02  +1.000000e-01  +2.132764e-01  +1.067151e-01  +3.199915e-01
+3.000301e-01  +3.000000e-01  +2.882979e-01  +1.451690e-01  +4.334670e-01
+5.006870e-01  +5.000000e-01  +3.592784e-01  +1.806331e-01  +5.399115e-01
+7.022971e-01  +7.000000e-01  +4.434501e-01  +2.202260e-01  +6.636762e-01
+9.003482e-01  +9.000000e-01  +5.328158e-01  +2.661682e-01  +7.989840e-01
+1.104527e+00  +1.100000e+00  +6.266242e-01  +3.150814e-01  +9.417055e-01
+1.298652e+00  +1.300000e+00  +7.205997e-01  +3.594829e-01  +1.080083e+00
+1.502645e+00  +1.500000e+00  +8.157846e-01  +4.042917e-01  +1.220076e+00
+1.697504e+00  +1.700000e+00  +9.107009e-01  +4.402945e-01  +1.350995e+00
+1.899712e+00  +1.900000e+00  +1.009526e+00  +5.091639e-01  +1.518689e+00
+2.099239e+00  +2.100000e+00  +1.105961e+00  +5.539415e-01  +1.659902e+00
+2.297867e+00  +2.300000e+00  +1.203201e+00  +5.913046e-01  +1.794506e+00
+2.495489e+00  +2.500000e+00  +1.301195e+00  +6.471008e-01  +1.948296e+00
+2.693047e+00  +2.700000e+00  +1.399654e+00  +6.989118e-01  +2.098566e+00
+2.902604e+00  +2.900000e+00  +1.497844e+00  +7.417277e-01  +2.239572e+00
+3.108099e+00  +3.100000e+00  +1.597052e+00  +8.002907e-01  +2.397343e+00
+3.301168e+00  +3.300000e+00  +1.695291e+00  +8.478657e-01  +2.543157e+00
+3.494940e+00  +3.500000e+00  +1.794252e+00  +9.131211e-01  +2.707373e+00
+3.695564e+00  +3.700000e+00  +1.892613e+00  +9.355764e-01  +2.828190e+00
+3.900019e+00  +3.900000e+00  +1.991238e+00  +9.780223e-01  +2.969260e+00
+4.100412e+00  +4.100000e+00  +2.091152e+00  +1.053884e+00  +3.145036e+00
+4.300042e+00  +4.300000e+00  +2.190128e+00  +1.104517e+00  +3.294645e+00
+4.502364e+00  +4.500000e+00  +2.288554e+00  +1.119686e+00  +3.408240e+00
+4.696829e+00  +4.700000e+00  +2.387309e+00  +1.151301e+00  +3.538610e+00
+4.898064e+00  +4.900000e+00  +2.487154e+00  +1.212250e+00  +3.699404e+00
+5.096481e+00  +5.100000e+00  +2.586480e+00  +1.284463e+00  +3.870943e+00
+5.293670e+00  +5.300000e+00  +2.686195e+00  +1.356777e+00  +4.042973e+00
+5.499850e+00  +5.500000e+00  +2.785343e+00  +1.396934e+00  +4.182277e+00
+5.689690e+00  +5.700000e+00  +2.884628e+00  +1.437402e+00  +4.322030e+00
+5.901769e+00  +5.900000e+00  +2.984196e+00  +1.490167e+00  +4.474363e+00
+6.102658e+00  +6.100000e+00  +3.083677e+00  +1.554617e+00  +4.638294e+00
+6.293452e+00  +6.300000e+00  +3.183216e+00  +1.620945e+00  +4.804161e+00
+6.499613e+00  +6.500000e+00  +3.282516e+00  +1.636599e+00  +4.919116e+00
+6.702824e+00  +6.700000e+00  +3.382132e+00  +1.712049e+00  +5.094180e+00
+6.892547e+00  +6.900000e+00  +3.481764e+00  +1.755512e+00  +5.237276e+00
+7.092742e+00  +7.100000e+00  +3.581065e+00  +1.793323e+00  +5.374388e+00
+7.294792e+00  +7.300000e+00  +3.680387e+00  +1.803939e+00  +5.484326e+00
+7.498271e+00  +7.500000e+00  +3.780098e+00  +1.873967e+00  +5.654066e+00
+7.689998e+00  +7.700000e+00  +3.879840e+00  +1.939118e+00  +5.818957e+00
+7.898023e+00  +7.900000e+00  +3.979158e+00  +1.948498e+00  +5.927656e+00
+8.088063e+00  +8.100000e+00  +4.079050e+00  +2.013043e+00  +6.092093e+00
+8.299228e+00  +8.300000e+00  +4.178889e+00  +2.089147e+00  +6.268036e+00
+8.507729e+00  +8.500000e+00  +4.278529e+00  +2.142400e+00  +6.420929e+00
+8.692129e+00  +8.700000e+00  +4.377791e+00  +2.136990e+00  +6.514782e+00
+8.883396e+00  +8.900000e+00  +4.477576e+00  +2.206835e+00  +6.684411e+00
+9.097122e+00  +9.100000e+00  +4.577481e+00  +2.266348e+00  +6.843829e+00
+9.294832e+00  +9.300000e+00  +4.677165e+00  +2.326584e+00  +7.003749e+00
+9.490133e+00  +9.500000e+00  +4.777335e+00  +2.459320e+00  +7.236654e+00
+9.701994e+00  +9.700000e+00  +4.876891e+00  +2.471664e+00  +7.348554e+00
+9.897837e+00  +9.900000e+00  +4.976339e+00  +2.483309e+00  +7.459648e+00
